dx	input_thick	input_angle	power_input_thick	mid_thick	mid_angle	mid_input_thick	output_thick	fin_thick	fin_count	fin_gap	pred_pressure_drop	pressure_drop	err_pressure_drop	pred_temp_std	temp_std	err_temp_std	pred_max_temp	max_temp	err_max_temp	pred_std_pass1	std_pass1	err_std_pass1	pred_std_pass2	std_pass2	err_std_pass2	pred_power_module_flow	power_module_flow	err_power_module_flow	pred_weight	weight	err_weight
0	21.6	110.8	6.4	13	106.2	13.6	16.3	1.7	17	3.2		3009.29			0.381186479			118.603			0.023420413			0.009793272			0.45874176			5.05677938	
1	20.1	94.2	6.7	21.9	136.1	23	22.6	1.7	19	2.71		3059.07			0.202947113			117.8			0.006321961			0.004781107			0.439831416			5.074793323	
2	23	108.3	5	16.8	136	22.1	30.7	2.8	15	2.78125		3260.66			0.299324981			118.159			0.007892698			0.008622299			0.365823			5.189761103	
3	21.1	104.8	11.9	15.3	105	19.7	33.1	2.1	17	2.822222222		2768.99			0.360600803			119.369			0.008860556			0.001981724			0.67245948			5.125673513	
4	15.1	123.4	7.8	11.9	121.3	19.7	24.4	3	12	3.884615385		2931.67			0.589386074			120.252			0.017826792			0.01214611			0.53100216			5.145488929	
5	20.3	122.5	12.4	12.3	117.5	11.2	28	2.5	10	5.590909091		2328.79			0.914328944			122.608			0.110676188			0.02255365			0.716839536			5.030989802	
6	23.8	134.2	15.9	11.7	94.6	21.7	19.3	1.7	15	3.8125		2130.38			0.635215949			120.816			0.019212817			0.003189034			0.712783008			5.011000332	
7	20.2	140.2	4.6	23	134.8	22	28.2	2.9	15	2.6875		3420.91			0.253321303			117.94			0.00734565			0.006633608			0.335561352			5.201014583	
8	13.3	124.5	14.4	23.5	91.6	12.8	24	2.6	13	3.764285714		3112.1			0.609863448			120.872			0.033932827			0.00932361			0.725988096			5.09635469	
9	17.4	117	16.3	19.6	94.4	23.3	28.5	2	14	3.9		2332.95			0.574790045			120.384			0.017006131			0.004080982			0.647842848			5.030921258	
10	15.7	109.6	5.6	14.5	99.8	20.5	26.5	1.9	12	4.9		2661.18			0.645843146			120.217			0.025187772			0.031417932			0.365724576			5.000433527	
11	24	130.3	16.5	15.1	128	20.7	17.6	2.2	11	5.191666667		1929.26			0.744625005			121.791			0.042533627			0.009407827			0.64319904			4.994747249	
12	19.9	115.2	10.7	14.3	123.7	10.3	21	1.6	18	3.036842105		3070.4			0.461310614			119.693			0.034374615			0.006721288			0.723213			5.063206608	
13	13.8	102.9	13.8	17.5	110.9	23.7	29.5	2.9	11	4.55		2703.9			0.695992046			121.252			0.016655209			0.007081153			0.616088304			5.084685988	
14	16.1	97.4	16.6	10.8	101.3	24.2	16	2.3	14	3.62		2789.31			0.56148415			120.849			0.016046893			0.003696138			0.73178112			5.079563473	
15	21.7	121.5	8.5	13.9	98.5	24.5	27.9	2.8	15	2.78125		3024.37			0.376207485			119.047			0.0060027			0.003595752			0.56080416			5.184930782	
16	24.6	132.2	7	11.3	95.6	11.7	15.9	1.5	13	4.785714286		2529.6			0.669053511			120.599			0.082926375			0.013225835			0.5137356			4.962222519	
17	19	148.2	8.4	13.7	99.4	18.4	29.2	2	18	2.657894737		3077.84			0.319912726			118.558			0.008420332			0.003061606			0.569790144			5.141807738	
18	16.9	107.3	17.8	23.7	121	22.3	31.6	1.8	16	3.394117647		2523.48			0.4707441			119.907			0.011855107			0.002752869			0.680523192			5.039964386	
19	17.6	144.1	11.6	23.2	116.5	10.6	27.3	2.3	12	4.530769231		2560.29			0.716213438			121.069			0.076266916			0.011665668			0.664862352			5.044591273	
20	13.6	90.4	13	10.6	138.4	18.1	23	2.4	11	5.008333333		2923.72			0.825384563			122.119			0.035924246			0.008625241			0.675363			5.042690504	
21	23.7	142.3	8.7	15	103.1	12.5	30.5	2.9	11	4.55		2323.28			0.686428624			120.991			0.064701929			0.009416133			0.567944352			5.098823179	
22	19.7	95.8	18.8	18.7	114.5	19.2	17.7	2.4	13	3.95		2435.9			0.623698003			120.897			0.019110441			0.00337096			0.709843632			5.055195534	
23	17.1	113.4	3.9	20.5	128.8	12.3	20.8	1.6	15	3.90625		2960.93			0.497638412			118.596			0.050268192			0.027058262			0.216560448			5.009896321	
24	18.4	104.4	5.4	19.8	92.8	15.9	13.2	2.4	16	2.829411765		3612.04			0.342703688			118.069			0.011948677			0.008115319			0.374176584			5.136219208	
25	21.1	131.7	15.3	14.7	135.1	21.6	27	2.7	11	4.733333333		2016.04			0.699390584			121.58			0.031164141			0.007969072			0.64656576			5.064573692	
26	14.9	149.8	12.6	18.9	118.3	14	21.3	2	16	3.205882353		2967.13			0.49174156			119.845			0.015744819			0.002665944			0.694853208			5.092522957	
27	17.9	109.3	4.4	23.8	131.9	12.2	31.2	2.4	14	3.526666667		3069.7			0.410632138			118.539			0.038260982			0.019321775			0.251358624			5.11277503	
28	22.2	135.3	10.1	20.9	107.7	24	14	1.8	16	3.394117647		2454.92			0.374762291			119.055			0.010955507			0.005666264			0.527053956			5.027809566	
29	21.9	114.3	11.4	10.3	104	20.1	28.6	1.5	20	2.69047619		2740.79			0.339041171			119.222			0.007517678			0.002936896			0.677792016			5.074090719	
30	22.6	124.9	19	18.5	124.4	11	32.8	2.1	13	4.228571429		2353.26			0.686098161			121.371			0.066058673			0.014373549			0.7795434			5.041945253	
31	24.8	93.3	7.4	19.4	102.2	21.2	20.4	2.6	13	3.764285714		2444.81			0.444804056			119.477			0.017870723			0.012185145			0.42778512			5.078374526	
32	18.6	121.3	9.3	13.2	95.5	12.9	31.4	2.8	10	5.318181818		2407.19			0.875347213			121.943			0.077636347			0.006159554			0.57904218			5.063252579	
33	13.7	128.9	14.1	22.7	139.5	10.2	25.1	2.6	14	3.34		3433.3			0.572546106			120.66			0.039514482			0.009970891			0.765286524			5.142682178	
34	20.4	115.9	4.3	22.9	112.7	24.7	13.5	2.9	14	3.06		3260.95			0.326587678			118.181			0.011331034			0.008186843			0.261378768			5.14530135	
35	18.7	91.5	4.8	16.5	133.5	16.8	22	2.4	15	3.15625		3285.68			0.380818602			118.306			0.015157267			0.013542586			0.33707808			5.131695083	
36	14.5	101.9	17.1	17.6	96.5	24	20.2	3	15	2.59375		3695.67			0.431171126			120.124			0.008627897			0.001398439			0.750192732			5.201857931	
37	15.4	101.2	10.2	10.9	106.9	15.8	23.1	1.7	13	4.6		2724.03			0.733553143			121.08			0.037034443			0.00843216			0.617656104			4.997115356	
38	15.4	135.8	18	22	134.1	16.1	19.9	2.7	11	4.733333333		2472.26			0.740723615			121.527			0.033492232			0.015158057			0.69348744			5.05595343	
39	19.6	99.7	3.7	14.1	92	19	32.1	2.8	14	3.153333333		3426.08			0.349855023			118.278			0.014224889			0.016742161			0.277860528			5.169927229	
40	22.3	117.6	12.1	17.8	111.2	14.3	26.8	2.5	15	3.0625		2744.84			0.461818313			120.011			0.019358403			0.003316563			0.690639444			5.141425605	
41	20.6	103.6	3.3	21.3	118.9	22.6	30.9	1.5	19	2.9		3016.6			0.220017284			117.23			0.009266368			0.009816147			0.174444336			5.046572091	
42	24.9	146.1	14.7	19	110	17.9	24.5	2.3	10	5.772727273		1798.07			0.836396645			122.081			0.057984406			0.010364086			0.618107364			4.984804933	
43	20.5	120.2	4	15.9	126.5	15.1	18.7	2.9	11	4.55		2694.6			0.620700202			119.879			0.050707124			0.041270986			0.23802912			5.091535721	
44	22.1	116.5	6.9	18	123.3	19.9	19.5	2.2	13	4.135714286		2355.92			0.503372303			119.591			0.022910286			0.017540384			0.406041264			5.043822783	
45	21.3	128.5	19.1	24.8	129.5	23.4	33.7	2.6	11	4.825		1895.75			0.662412953			121.372			0.032645936			0.007741071			0.625083408			5.035665251	
46	21.5	97	9.6	12.9	122.2	22.4	24.8	2.2	10	5.863636364		2079.57			0.832192253			121.876			0.047586242			0.027822004			0.539595648			4.982917175	
47	18.8	107.7	15.8	11.1	130.4	23	14.5	2.1	14	3.806666667		2517.82			0.580771915			120.808			0.012579405			0.004380474			0.708889752			5.052329676	
48	19.4	98.5	15	24.2	122.2	13.4	18.3	1.9	13	4.414285714		2466.58			0.653220176			120.797			0.050325738			0.009942648			0.677457			4.990971327	
49	16.1	141.9	10.5	21.5	139.4	20.6	15.4	2.6	15	2.96875		3125.34			0.382175331			119.176			0.007273656			0.003267127			0.57466332			5.15016714	
50	24.2	125.4	10.8	24.6	90.8	16.3	17.3	2.8	12	4.069230769		2317.97			0.55908289			120.414			0.031958015			0.007403573			0.561541248			5.069384839	
51	15	93.9	16.1	24	125.3	17.2	23.3	2	17	2.916666667		3228.54			0.427338771			119.764			0.011763497			0.001953169			0.722216376			5.093471871	
52	24.4	148.7	8.9	24.9	100.4	19.4	25.5	1.6	11	5.741666667		1802.83			0.684862255			120.859			0.052329098			0.025853314			0.412786272			4.922566566	
53	23.2	147	14.2	17.1	103.7	14.2	32.5	1.8	16	3.394117647		2324.71			0.517508625			120.326			0.027262918			0.004317252			0.730596816			5.05935567	
54	13.1	138.4	6.4	12.7	113.6	12.6	15	1.7	14	4.18		3264.57			0.568574876			119.709			0.045624964			0.016916095			0.440617728			5.01794237	
55	14.3	126.9	12.8	12.4	97.3	23.6	29.9	2.7	15	2.875		3239.09			0.448795692			119.943			0.007883824			0.002215892			0.704546304			5.184918572	
56	23.1	105.6	19.5	15.7	100.8	18.7	32	2.1	13	4.228571429		2034.57			0.636239237			121.374			0.025462736			0.006457576			0.74562228			5.029344739	
57	14	136.1	5.7	24	104.9	14.3	34.8	1.6	16	3.582352941		2992.21			0.417526473			118.477			0.024128255			0.014968092			0.3532176			5.030397067	
58	22.7	143.6	5.9	18.3	106.1	24.9	26.4	2.3	14	3.62		2424.41			0.381791803			118.868			0.012665671			0.012623526			0.36819894			5.081574301	
59	16.6	126.3	8.1	22.3	137.9	11.6	29.8	1.9	16	3.3		3005.88			0.456907886			119.044			0.031730127			0.005203609			0.528039			5.083709836	
60	14.7	148	15.5	13.6	109.1	22.7	34.6	2.1	18	2.563157895		3175.59			0.381382712			119.778			0.006938696			0.00170808			0.73593132			5.161391751	
61	23.4	141.2	11.8	11.7	132.3	11	23.9	2.6	12	4.253846154		2462.16			0.748361405			121.589			0.071089454			0.011929146			0.732350952			5.095114345	
62	14.4	92.6	19.8	15.4	116.8	21.1	33.5	2	17	2.916666667		3166.95			0.487976197			120.302			0.009214239			0.001636199			0.776597976			5.11071123	
63	24.5	140	8.1	21.7	90.2	13.3	25.4	2.2	11	5.191666667		2111.7			0.678903699			120.788			0.077661869			0.017318399			0.453262068			4.995852959	
64	23.8	100.2	15.2	21.1	131.1	18.3	14.9	2.8	10	5.318181818		2099.04			0.7934991			121.819			0.04461254			0.010957679			0.6002328			5.018242524	
65	21	106.6	16.9	20	137.4	18.5	19	1.8	16	3.394117647		2446.6			0.481501674			119.997			0.015861235			0.003993532			0.697149336			5.036946468	
66	24.1	111.8	18.2	16.7	102.2	20.2	14.5	2.3	11	5.1		2038.61			0.740132446			121.782			0.04444905			0.008202365			0.666921528			4.990529195	
67	13.2	134	18.6	20.8	115.9	16.4	28.9	2.7	14	3.246666667		3123.55			0.511922258			120.692			0.012845917			0.006957239			0.773312112			5.148811023	
68	16.2	102.2	7.3	22.4	125.9	14.5	13.4	1.6	17	3.294444444		3178.08			0.369380123			118.48			0.021902685			0.0070512			0.438239148			5.026748015	
69	14.1	129.4	13.3	16	98	13.7	25.8	2.3	12	4.530769231		2710.87			0.724311958			121.432			0.045571828			0.005426062			0.687122688			5.050417578	
70	18.3	91.2	3	18.6	119.5	24.6	16.5	2.5	13	3.857142857		2993.43			0.434739836			118.723			0.017469008			0.024543629			0.14801616			5.077196185	
71	17.5	139.1	19.8	10	124.7	15.4	14.1	2.5	12	4.346153846		2532.47			0.809240281			122.214			0.034258003			0.009221368			0.81141588			5.070274081	
72	19.5	131.2	13.7	16.9	108.9	21.5	23.7	2.1	15	3.4375		2426.1			0.5016027			119.913			0.010417228			0.004273979			0.65705748			5.074579784	
73	17.2	94.9	5.2	22.5	131.1	17.4	26.1	1.9	12	4.9		2515.46			0.58270527			119.817			0.048097972			0.03143482			0.256578816			4.990920486	
74	18.2	112.1	14.8	10.4	127.4	11.8	16.8	2.4	15	3.15625		3117.14			0.60266755			121.133			0.027146468			0.007000372			0.816011616			5.139486678	
75	19.1	123.1	17.2	19.2	93.6	11.5	33.9	1.8	12	4.992307692		2293.92			0.783303805			121.756			0.087105187			0.018728784			0.745966752			4.979800733	
76	23.4	127.5	11.1	14.5	110.5	20.8	30.1	1.7	10	6.318181818		1813.05			0.918789326			122.183			0.064065169			0.022975512			0.554053392			4.936879627	
77	22.6	99.1	12.9	13.5	112.9	10.8	32.7	2.7	10	5.409090909		2333.79			0.924079259			122.566			0.111658331			0.026219879			0.730450116			5.046066614	
78	22	118.1	3.4	12.6	111.9	13.2	34.5	2	15	3.53125		3102.31			0.398357907			118.413			0.032296704			0.033127051			0.21827388			5.091057387	
79	15.6	145	18.3	17.3	92.6	10.5	17	1.9	13	4.414285714		2819.46			0.728272894			121.288			0.071353665			0.016531553			0.751367988			5.006079959	
80	17.7	119.3	11.3	24.4	96.7	16.9	22.3	2.2	16	3.017647059		2919.01			0.414612376			119.306			0.011170195			0.003083881			0.612724872			5.099967464	
81	16.8	145.6	9.2	11.4	115.5	17.6	17.9	2.9	15	2.6875		3507.13			0.424454318			119.377			0.008782697			0.002601035			0.633049056			5.219507229	
82	20.8	119.9	17.5	12	108	16.7	22.1	2.5	14	3.433333333		2508.67			0.606995493			121.123			0.019128067			0.004399783			0.7850451			5.1175614	
83	19.2	113.1	7.6	18.1	120	15.3	21.5	1.8	11	5.558333333		2265.42			0.730562664			120.916			0.068328329			0.027695909			0.431784576			4.961192961	
84	14.8	137.8	17.6	19.8	133.3	17.3	34.2	3	15	2.59375		3471.66			0.485605396			120.65			0.008356687			0.002345637			0.804296064			5.232012856	
85	16.5	142.8	13.5	20.2	129	18.9	18.4	1.6	13	4.692857143		2286.45			0.649831448			120.633			0.02748983			0.009939094			0.56981556			4.965556495	
86	15.9	137.3	6.1	21.8	127	14.8	21.7	2.2	13	4.135714286		2719.62			0.532849022			119.41			0.031675891			0.018833556			0.351584724			5.056248048	
87	13.5	96.2	19.3	20.4	114	17.8	27.6	2.7	13	3.671428571		3092.98			0.639631092			120.965			0.016603642			0.006444423			0.75008292			5.112560117	
88	18	110.4	9.8	16.3	118.7	15	19.7	2.5	12	4.346153846		2565.93			0.645682598			120.627			0.036928095			0.009962732			0.566071128			5.067626341	
89	16.4	133.1	10	15.6	136.9	15.6	15.6	1.9	12	4.9		2508.26			0.722248695			120.866			0.044784415			0.012554271			0.54267			4.996997905	
90	23.4	122.6	15.4	18.1	107.5	14.3	19.9	1.9	19	2.52	2945.08907	3037.68	3.048080428	0.380674848	0.403601586	5.680537196	119.8096693	119.85	0.033651018	0.01595707	0.014401702	10.79988756	0.003357483	0.003742478	10.28718609	0.775419853	0.788059272	1.603866546	5.115566977	5.115515227	0.001011629
91	16.3	120.2	7.5	19.2	114.9	10.5	22.6	1.9	19	2.52	3869.072231	3839.98	0.757614129	0.324059817	0.321313609	0.854681499	118.3290313	118.338	0.007578885	0.01805025	0.021305249	15.27792063	0.007127803	0.00546179	30.50305286	0.553484389	0.5642937	1.915546932	5.13850302	5.139016136	0.009984718
92	19.8	104.6	20	16.4	94.7	13.5	18.7	1.9	19	2.52	3315.260957	3271.82	1.327730651	0.471254587	0.452889547	4.055081495	120.3229698	120.292	0.025745531	0.018659948	0.01452246	28.49026773	0.003589381	0.004813514	25.43118093	0.822737436	0.8304768	0.931918103	5.114731264	5.114233781	0.009727428
93	14.3	93.3	4.6	11.9	108.4	15.8	13.8	1.9	19	2.52	4277.561994	4497.6	4.892342721	0.270678952	0.272359954	0.617198648	117.5478831	117.417	0.111468582	0.007712201	0.012446207	38.03573145	0.011016768	0.007898285	39.48304093	0.340982312	0.402097224	15.19903855	5.138528318	5.139444108	0.017818849
94	24.7	145.3	17	23.7	129.7	22.6	20.1	1.9	19	2.52	2705.227545	2762.77	2.082781235	0.314865851	0.281106283	12.00953885	119.3960657	119.363	0.027701787	0.004987793	0.007711085	35.31659022	0.00234763	0.00250006	6.097017706	0.719120454	0.72273936	0.500720722	5.100245404	5.100176451	0.001351962
95	18.2	104.6	9.8	20.3	102	21.4	14.6	1.5	21	2.5	3367.870246	3286.16	2.486496271	0.232124303	0.227646534	1.966983172	118.2447367	118.108	0.115772607	0.005393789	0.00521499	3.42856828	0.002846043	0.001846925	54.09628742	0.59325353	0.594630288	0.231531723	5.060446763	5.058358646	0.041280511
96	22.4	129.5	3.3	13.9	125.1	10.7	30.8	2.4	17	2.538888889	4018.084097	4166.31	3.557726207	0.290296594	0.247233268	17.41809521	117.4771861	117.306	0.14593124	0.024497364	0.023505468	4.219851651	0.02065559	0.011735151	76.01470012	0.258951206	0.24180552	7.090692443	5.204008969	5.204042277	0.000640049
97	23.1	141.1	15.6	24.9	133	11.3	34.4	1.9	19	2.52	3063.030289	3092.95	0.96735192	0.371885684	0.431983373	13.91203738	119.9181291	120.12	0.168057664	0.020223208	0.019973818	1.248582989	0.006330002	0.006109987	3.600914412	0.824355381	0.807410448	2.098676466	5.129273279	5.129144629	0.002508213
98	21.4	133.7	19.2	24.9	98.4	13.8	20.9	1.5	19	2.9	2761.583499	2682.94	2.931243287	0.44682723	0.442057959	1.078879082	119.9256297	119.859	0.055590061	0.02019097	0.019557668	3.238124839	0.005029492	0.004514896	11.39774487	0.767412197	0.793469952	3.284025383	5.02405327	5.02371342	0.006764917
99	23.6	116.1	3.8	11	126	22.3	14.7	1.9	19	2.52	3499.991609	3786.02	7.554856837	0.194261375	0.184894465	5.066084745	117.2225143	117.23	0.006385462	0.005562992	0.008374569	33.572795	0.006004126	0.011032865	45.5796344	0.305593572	0.317271576	3.680759632	5.126078339	5.126070832	0.000146444
100	20.1	95	18.3	24.7	118.1	11.9	13.6	2.7	16	2.547058824	3666.851408	3732.27	1.752782954	0.462701837	0.524065222	11.70911219	120.3803379	120.654	0.226815629	0.020883055	0.016127057	29.49080124	0.007468693	0.004847524	54.07231899	0.816136356	0.829745424	1.640149822	5.171960164	5.172142186	0.003519285
101	13.9	118.9	13.6	11.7	114.2	16.5	27.3	1.5	21	2.5	3427.515583	3470.41	1.236004293	0.359198536	0.391506376	8.252187327	119.5656905	119.572	0.005276725	0.009128296	0.005019917	81.84158563	0.004521106	0.002621746	72.446346	0.754288474	0.760415712	0.805774803	5.10087461	5.100447179	0.008380246
102	14.9	90.3	19.8	20.7	97.8	24.5	26	1.9	19	2.52	3395.398462	3420.97	0.747493793	0.342353437	0.333850818	2.546831914	119.5750211	119.595	0.016705433	0.008276151	0.009053075	8.581872304	0.002339498	0.001800571	29.93085194	0.765309996	0.75837168	0.914896518	5.104595158	5.104348969	0.004823123
103	13	138.2	5.2	10.6	126.8	23	31	1.5	18	3.131578947	3369.636692	3449.51	2.315497217	0.329588654	0.370581444	11.06174926	118.1356511	118.218	0.069658553	0.007770837	0.008530925	8.909792743	0.009442867	0.014462344	34.70721647	0.39982329	0.39548808	1.096166933	5.063659899	5.063789664	0.002562593
104	22.9	126.3	4.1	24.6	101.8	13.6	16.9	1.6	20	2.595238095	3500.789374	3421.9	2.305426037	0.218571821	0.184086532	18.73319487	117.1760685	117.315	0.118426054	0.01636335	0.015355402	6.564121453	0.009162559	0.008408985	8.961541561	0.282521393	0.271427544	4.087223176	5.067459286	5.067524224	0.001281463
105	16.9	104.3	3	22.9	106.8	24.9	32.2	1.9	19	2.52	3769.510109	3792.12	0.596233545	0.152025346	0.180050987	15.56539117	116.9665796	116.92	0.039838866	0.006516308	0.008451511	22.89771982	0.007869851	0.006187101	27.19770433	0.189864974	0.18077904	5.025988611	5.120865198	5.121096524	0.004517113
106	24.6	116.1	19.9	10.4	106.9	18.6	14.2	2.7	16	2.547058824	3107.177413	3165.75	1.850196214	0.493767122	0.525598924	6.056291265	120.9222663	120.968	0.037806409	0.009866703	0.008002808	23.29050921	0.001762016	0.002946488	40.1994581	0.863690926	0.83648058	3.252956038	5.186143888	5.186129419	0.000278994
107	14.7	108.3	18.4	19.1	121.1	22.5	18.4	1.6	11	5.741666667	2384.390467	2401.34	0.705836455	0.798449658	0.800113334	0.20793007	121.7567956	121.803	0.037933684	0.041786563	0.039881611	4.776517256	0.008672641	0.013914114	37.67019022	0.60231947	0.609834144	1.232248813	4.923685702	4.923531598	0.003129944
108	14.6	113.6	18.2	12	102.3	24.3	14.4	1.5	19	2.9	3100.28844	3103.5	0.103481878	0.427068309	0.428687433	0.377693486	119.9304092	119.821	0.091310578	0.008900651	0.006757487	31.71539257	0.002421763	0.001426076	69.82005908	0.756853903	0.741721344	2.040194661	5.040281301	5.040713005	0.008564339
109	13.6	113.7	5	17.2	92.8	11.8	18.3	3	15	2.59375	4585.5463	4661.47	1.62875015	0.366072044	0.358704982	2.053794092	118.1286289	118.122	0.00561195	0.017149603	0.015401815	11.34793223	0.00761212	0.007257264	4.889666404	0.383570047	0.4177368	8.179014276	5.231518329	5.232262109	0.014215279
110	21.4	147.1	18.8	11.4	127.8	10	23.3	1.9	19	2.52	3301.571751	3380.69	2.34029884	0.523400158	0.518703034	0.905551688	120.9029705	120.782	0.100156086	0.022658615	0.024898988	8.997847505	0.006406828	0.007638687	16.12658086	0.853907441	0.842358816	1.370986374	5.144277106	5.144442705	0.003218984
111	15.5	146.6	4.9	20.9	101.7	20.9	26.8	2.2	10	5.863636364	2300.425379	2335.47	1.500538257	0.727304679	0.747838949	2.745814446	120.663925	120.815	0.125046552	0.041119127	0.033485851	22.79552883	0.042035691	0.045776609	8.172118452	0.244991752	0.249695376	1.883744915	4.985235145	4.985229975	0.000103699


