run	input_thick	input_angle	power_input_thick	mid_thick	mid_angle	mid_input_thick	output_thick	fin_thick_1	fin_count_1	fin_thick_2	fin_count_2	fin_gap_1	fin_gap_2	pressure_drop	temp_std	max_temp	std_pass1	std_pass2	power_module_flow	weight
0	19	150	10	25	140	25	35	3	16	3	16	2.264705882	2.264705882	3640.42	0.240993112	117.29	0.005471239	0.00123772	0.5759904	5.243642802
1	25	120	10	10	140	25	13	1.5	10	1.5	24	6.5	2.02	1989.17	0.400152628	118.984	0.054079004	0.001290626	0.599112	5.007800385
2	25	150	6.5	25	90	25	35	1.5	10	1.5	10	6.5	6.5	1569.02	0.604668271	120.054	0.056109547	0.034130819	0.26116038	4.900181555
3	25	90	10	17.5	140	10	35	3	10	1.5	10	5.136363636	6.5	2202.61	0.757083759	120.63	0.111152008	0.040661048	0.5083584	5.000169623
4	25	150	3	25	115	25	13	3	16	1.5	10	2.264705882	6.5	3507.97	0.382956733	117.664	0.005794634	0.04976502	0.08884152	5.061729002
5	25	150	10	10	140	17.5	35	1.5	24	3	10	2.02	5.136363636	3319.01	0.399736324	118.174	0.006411808	0.017959493	0.5299188	5.122874613
6	25	90	10	25	90	25	24	3	10	3	16	5.136363636	2.264705882	2067.2	0.362590093	118.891	0.029427615	0.00133105	0.5743536	5.102670241
7	25	90	3	25	140	10	35	2.2	20	1.5	24	2.023809524	2.02	5010.94	0.223093326	115.113	0.012287302	0.004434712	0.22461912	5.17214604
8	25	90	3	10	140	25	13	3	13	3	10	3.392857143	5.136363636	2979.04	0.52022924	118.489	0.01241281	0.078611849	0.17892252	5.10205834
9	25	90	3	10	90	25	35	1.5	24	2.2	20	2.02	2.023809524	4802.27	0.112670389	114.851	0.004465216	0.006232041	0.28219212	5.168803104
10	25	150	3	10	90	10	35	3	10	3	13	5.136363636	3.392857143	3198.59	0.51874644	118.941	0.107913589	0.023648358	0.24259068	5.144503404
11	25	150	10	10	90	10	13	3	16	1.5	24	2.264705882	2.02	4091.33	0.456988261	118.258	0.017174814	0.008027851	0.6746772	5.199885856
12	25	90	10	25	90	10	13	1.5	24	3	10	2.02	5.136363636	3841.74	0.391940662	117.907	0.013117201	0.029720258	0.5202132	5.058349261
13	25	150	3	25	140	10	13	1.5	10	3	16	6.5	2.264705882	3163.65	0.40142315	119.028	0.167139294	0.005382602	0.23086764	5.064617419
14	19	90	3	10	90	10	13	1.5	10	1.5	10	6.5	6.5	3271.34	0.864946989	120.354	0.163623123	0.086829993	0.21455136	4.915586811
15	13	120	3	25	90	10	35	3	16	3	10	2.264705882	5.136363636	4639.34	0.51636094	117.434	0.01732476	0.039490597	0.12684852	5.176347947
16	13	90	6.5	10	140	10	13	3	16	3	16	2.264705882	2.264705882	5413.47	0.409565518	116.961	0.016385756	0.006831809	0.55850964	5.281960057
17	13	150	3	17.5	90	25	13	1.5	24	3	16	2.02	2.264705882	5003.29	0.235725	115.076	0.005001689	0.00443735	0.23883084	5.178184324
18	13	90	10	10	115	10	35	1.5	10	3	16	6.5	2.264705882	3056.28	0.764438908	120.68	0.175852983	0.008231288	0.6747504	5.112696729
19	13	90	3	25	90	17.5	13	3	10	1.5	24	5.136363636	2.02	3915.08	0.272912912	117.639	0.048199038	0.003027085	0.22092048	5.07207532
20	13	150	3	10	140	10	24	1.5	24	1.5	10	2.02	6.5	4737.88	0.534103773	117.531	0.013907123	0.110400291	0.18014652	5.06282884
21	13	150	10	10	90	25	13	2.2	10	3	10	5.863636364	5.136363636	2411.22	0.82899206	120.879	0.043979576	0.017398615	0.5262912	5.026153092
22	13	150	10	25	90	10	35	1.5	17	1.5	24	3.388888889	2.02	3007.9	0.485897433	118.169	0.04626903	0.007903015	0.6551952	5.077141069
23	13	150	10	25	140	10	13	3	10	2.2	10	5.136363636	5.863636364	2745.37	0.787583893	120.239	0.113175173	0.036375851	0.4706712	5.026293948
24	13	90	10	25	140	25	13	1.5	24	1.5	17	2.02	3.388888889	4339.22	0.29217663	116.29	0.005073359	0.004436311	0.435594	5.054336371
25	13	90	3	25	140	25	35	1.5	10	3	10	6.5	5.136363636	2630.11	0.667377301	119.581	0.054703847	0.029597742	0.10442628	4.989988095
26	13	150	3	10	140	25	35	3	10	1.5	24	5.136363636	2.02	3498.45	0.287964337	117.707	0.031654885	0.006552324	0.2555316	5.131851581
27	13	90	10	10	90	25	35	3	16	1.5	10	2.264705882	6.5	4359.6	0.656689644	118.966	0.006348135	0.025709976	0.5206092	5.10522066
28	19	120	6.5	17.5	115	17.5	24	2.2	15	2.2	15	3.34375	3.34375	2629.44	0.421115814	117.181	0.019570493	0.008045857	0.38628096	5.099972433

