idx	n_ch	sum1_lpm	sum2_lpm	pm_lpm
0	18	3.504257606	1.809030298	1.83496704
1	20	3.306663518	1.580821204	1.759325664
2	16	3.225497505	1.701413125	1.463292
3	18	3.287859161	0.960047928	2.68983792
4	13	3.862083612	1.510960494	2.12400864
5	11	4.304415266	2.195709942	2.867358144
6	16	3.642361402	1.070754411	2.851132032
7	16	3.21811785	1.828589834	1.342245408
8	14	4.114074731	1.446355499	2.903952384
9	15	4.014986976	1.149946013	2.591371392
10	13	4.453028913	2.374545566	1.462898304
11	12	3.999983242	1.529671605	2.57279616
12	19	3.354723494	1.457445564	2.892852
13	12	4.198562451	1.356511095	2.464353216
14	15	3.852611933	0.767310607	2.92712448
15	16	3.259214138	1.091281065	2.24321664
16	14	3.977466686	2.563529153	2.0549424
17	19	3.209521417	1.145719009	2.279160576
18	17	3.604744605	1.04266631	2.722092768
19	13	4.021291358	2.251424884	2.659449408
20	12	4.810302226	1.270580686	2.701452
21	12	3.731016486	2.163757596	2.271777408
22	14	3.708428196	1.081413557	2.839374528
23	16	4.0682565	3.073339688	0.866241792
24	17	3.400891088	1.759605917	1.496706336
25	12	3.994936093	1.324372645	2.58626304
26	17	3.44981399	1.059379403	2.779412832
27	15	3.56955913	2.510521171	1.005434496
28	17	3.592489958	1.45260314	2.108215824
29	21	3.19650126	0.726599106	2.711168064
30	14	3.742900428	1.524043997	3.1181736
31	14	3.516410594	1.710127857	1.71114048
32	11	4.240836119	2.080267091	2.31616872
33	15	3.653569675	1.314802757	3.061146096
34	15	3.425953968	2.094067279	1.045515072
35	16	3.450509796	2.071640391	1.34831232
36	16	3.369713265	0.617732414	3.000770928
37	14	4.51755696	1.673043994	2.470624416
38	12	4.241101052	1.480773441	2.77394976
39	15	3.433810677	2.077486037	1.111442112
40	16	3.39023601	1.049654676	2.762557776
41	20	3.453762786	2.412771	0.697777344
42	11	4.013492875	1.896377045	2.472429456
43	12	3.960994128	2.640813521	0.95211648
44	14	3.787400808	2.023284202	1.624165056
45	12	4.119425196	1.443623711	2.500333632
46	11	4.496042692	1.876613463	2.158382592
47	15	3.642431452	0.951301904	2.835559008
48	14	4.05100414	1.995273276	2.709828
49	16	3.40991385	1.186471388	2.29865328
50	13	3.626990815	1.617705815	2.246164992
51	18	3.505292592	0.849582766	2.888865504
52	12	4.281180251	2.5202356	1.651145088
53	17	3.514214664	1.078302862	2.922387264
54	15	4.37709001	2.318650213	1.762470912
55	16	3.55983972	0.823457243	2.818185216
56	14	3.747535691	1.228370727	2.98248912
57	17	3.87800851	2.34585163	1.4128704
58	15	3.533217307	1.950914379	1.47279576
59	17	3.674088	1.870359797	2.112156
60	19	3.245578531	0.667814765	2.94372528
61	13	3.724259902	1.478659434	2.929403808
62	18	3.702094923	0.592434494	3.106391904
63	12	4.035442878	2.580834738	1.813048272
64	11	3.948679956	1.742809789	2.4009312
65	17	3.537216972	1.22064917	2.788597344
66	12	4.003008768	1.407288859	2.667686112
67	15	3.721912593	1.016224479	3.093248448
68	18	3.807045863	2.040861647	1.752956592
69	13	4.346165852	1.684151049	2.748490752
70	14	3.918258009	2.681427126	0.59206464
71	13	3.983767632	1.291678562	3.24566352
72	16	3.631708705	1.162895085	2.62822992
73	13	4.553634288	2.870017181	1.026315264
74	16	3.51281535	1.03842842	3.264046464
75	13	4.246751845	2.474556471	2.983867008
76	11	4.587221038	2.06065376	2.216213568
77	11	4.062375994	2.282872579	2.921800464
78	16	3.55293018	2.493278048	0.87309552
79	14	4.17167162	2.370668382	3.005471952
80	17	3.403855103	1.176689972	2.450899488
81	16	3.159712327	0.951078719	2.532196224
82	15	3.39136234	0.94534141	3.1401804
83	12	4.532171015	2.645337857	1.727138304
84	16	3.163468525	0.596903672	3.217184256
85	14	4.371483929	1.752719811	2.27926224
86	14	3.866121614	2.429639711	1.406338896
87	14	4.033559676	1.090846923	3.00033168
88	13	3.916408251	1.665027047	2.264284512
89	13	4.434877104	2.067263587	2.17068
90	20	3.205816186	0.813803518	3.152237088
91	20	3.353809536	1.597327603	2.2571748
92	20	3.091925175	0.961922667	3.3219072
93	20	3.480117178	1.71087336	1.608388896
94	20	3.164746672	0.822832093	2.89095744
95	22	3.346482	1.12694448	2.378521152
96	18	3.19589187	2.234231074	0.96722208
97	20	3.120590189	0.973883313	3.229641792
98	20	3.464969184	1.095269866	3.173879808
99	20	3.214672877	1.764196399	1.269086304
100	17	3.205809478	0.765747433	3.318981696
101	22	3.2192892	0.8716026	3.041662848
102	20	3.184488518	0.678186553	3.03348672
103	19	3.688039844	1.689134699	1.58195232
104	21	3.14727649	2.249606586	1.085710176
105	20	3.163928947	2.247209758	0.72311616
106	17	3.238029615	0.561027861	3.34592232
107	12	5.23666888	1.818585242	2.439336576
108	20	3.649055616	0.695644205	2.966885376
109	16	3.338824815	1.673831411	1.6709472
110	20	3.223500538	0.651753719	3.369435264
111	11	4.864798977	2.909457995	0.998781504
112	16	3.11716116	0.84015279	2.930857584
113	11	5.383590217	4.538225858	0.59722824
114	19	3.505966881	1.007965757	3.2573664
115	22	3.2309952	0.96820008	2.8949916
116	15	3.983840101	2.460046391	0.971560272
117	18	3.409391186	1.975417614	0.88426464
118	17	3.452747079	0.794264542	3.44714904
119	19	3.403226509	1.192496044	2.438043216
120	20	3.741357744	1.907848334	1.78286832
121	17	3.146897756	0.769170583	2.80012656
122	22	3.4410204	0.86242476	2.702286336
123	22	3.3454416	0.68730804	3.167315136
124	12	4.754797208	1.974327583	1.944345792
125	22	3.290502	1.7509596	1.490679696
126	16	4.29359232	1.652376192	3.014932128
127	12	4.111982088	2.282908344	3.085296912
128	15	4.061578812	1.78578046	1.9434192
129	20	3.384895507	0.723013824	3.295721664
130	11	4.836889789	2.694309941	2.957891616
131	20	3.171309434	0.570816557	3.091751616
132	19	3.526919559	0.897968709	2.820218448
133	16	3.2564499	0.79759416	2.87893008
134	22	3.3337236	1.55456424	2.01474144
135	16	3.154649475	2.099323482	0.885487296
136	13	3.736824437	1.252058467	3.150655488
137	16	3.423636705	0.803413689	3.34161648
138	17	3.789606979	2.633671465	0.608230656
139	13	3.758002818	2.530436758	1.652639904
140	17	3.248466866	0.873697457	3.38293632
141	20	3.328742542	1.945601441	1.26876672
142	21	3.180995626	1.257168468	3.1550724
143	12	4.379578088	2.090171405	1.476978768
144	11	4.481870984	1.384043197	2.861309952
145	21	3.216837159	0.958545531	2.588326848
146	18	3.138157968	1.041947975	2.339022816
147	17	3.169007222	0.738323819	2.949012864
148	14	3.974111173	1.594410616	1.9474752
149	20	3.354859008	2.655175829	0.985459392
150	19	3.843296579	1.003860187	3.245869632
151	17	3.789112902	1.235722836	2.315233536
152	12	4.70382136	2.668975626	1.194095232
153	21	3.611393168	1.052871675	2.754367104
154	17	3.601409328	2.228076893	0.900684
155	16	4.05467712	0.991311168	3.0106848
156	16	3.756240576	1.864876992	2.59989408
157	11	5.611702673	2.443311304	2.328205488
158	12	4.598778266	2.866086619	1.508352768
159	18	3.061362112	2.187793685	0.79910424
160	20	3.365341877	2.13830173	1.24211664
161	13	3.4749711	1.045428503	2.480172432
162	16	3.47662848	2.678899392	0.697769472
163	18	3.279731217	0.733671024	3.3236544
164	21	3.28784784	1.135325463	2.273988288
165	22	3.2338968	0.88635984	3.047751168
166	13	4.188502362	1.359994482	2.612324064
167	12	4.192795152	2.941584278	1.09772928
168	16	3.14306049	0.610447947	3.084452784
169	19	3.190953236	2.138293545	0.970793856
170	11	4.286943273	2.56415546	1.162541904
171	18	3.460014571	1.173006241	2.238110784
172	14	4.686162789	1.929626686	1.825809216
173	22	3.2798388	1.61177304	1.593660816
174	22	3.2530476	0.82041972	3.15675072
175	12	4.381740342	3.496841405	1.95146496
176	18	3.594064847	2.180229915	1.154664576
177	12	4.29438838	3.494137516	0.50776992
178	15	4.398187945	2.172522296	3.081458304
179	16	3.101515365	0.688262394	3.173732352
180	17	3.417353741	2.050390026	0.93766176
181	20	3.834655152	0.917539027	2.928772608
182	17	3.280531734	0.570500595	3.092266944
183	17	3.312650396	1.180442799	2.446576896
184	19	3.313379248	0.657077288	3.37031136
185	20	3.084505402	1.357341996	1.73412576
186	18	3.098864121	2.124101812	1.00759392
187	22	3.2470116	0.69805176	2.8600992
188	12	5.007566976	1.836415342	3.126858048
189	12	4.372909499	1.351806612	3.230684544
190	13	4.047777065	2.018209623	2.325708816
191	15	4.383413017	3.018827563	0.555185184
192	14	3.946949738	1.250658181	2.64465408
193	22	3.3747396	2.10570588	1.117896768
194	22	3.354552	0.73292652	3.08487816
195	16	3.10921818	0.876292628	2.532512736
196	20	3.320517168	0.693145008	3.239427072
197	16	3.372566384	1.003127252	2.8370592
198	20	3.592627164	0.734752282	3.226117488
199	20	3.227972549	1.683360524	1.847623872
200	14	3.448748103	1.003584625	2.58862656
201	15	3.578451767	1.720099615	3.0938112
202	11	4.733087029	2.091165143	1.68875904
203	12	4.043224164	2.13329076	1.22994432
204	16	3.726021504	1.357591104	3.193738656
205	14	3.701695487	0.703643293	2.972418336
206	18	3.401860308	1.691229235	3.01167552
207	18	3.527246423	3.003456907	0.711293616
208	13	4.252655585	3.664288847	0.691857504
209	15	3.974893648	1.327343343	2.531002992
210	14	3.439235185	1.132117321	2.961002304
211	20	3.564505536	1.323352267	3.29290872
212	15	3.939463873	2.198644891	1.72173456
213	18	3.124471949	0.600682421	2.9688516
214	20	3.093451603	1.728713267	1.396823904
215	21	3.309776284	2.310805198	0.726425232

