power_input_thick	power_output_thick	mid_thick	mid_angle	mid_input_thick	output_thick
16.9	34	27.1	126.5	17	25.9 
9.2	21.1	22.6	114	28.6	28.9
5.7	37.3	20.9	103.6	34.2	32.6
3.4	23.4	20	108.2	20.2	20.4
10.1	28.2	22.4	133.7	25.2	21
19.6	37	16.8	115.7	26.2	28.6
15.5	18	26.9	97.4	18.7	29.4
19.2	30.6	33.1	139.1	33.9	17.7
17.8	27.7	31.1	112.1	16.4	26.9
9.4	36	34.6	98.2	24.7	15
6.3	30.1	30.8	138.2	18.3	33.7
10.9	34.1	33.9	128	21	21.5
16.2	19.7	20.3	99.6	15.1	18.6
17.2	37.8	17.1	91.4	24.4	16.8
16.5	23	16.6	110.5	19.8	23.7
6.1	29.6	28.4	134.6	29.1	34
7.3	27	21.1	107.7	23.2	29
14.2	19.7	30.7	115	24.2	25.7
4.3	17.3	17.4	100.8	33.3	29.8
3.8	16.7	34.2	117.2	27.6	16.6
7.7	15.7	24.1	96.2	29.5	33.4
4.9	17	17.5	121.9	31.9	22.9
9.6	32.2	28.1	95.4	21	22.7
5.5	22.4	33.5	109.7	25.9	19.2
9.1	34.6	23.9	101.5	16.2	25
13.7	31.5	18.3	94	21.3	19.7
19.9	22	25.7	118.4	23.6	33.9
12.6	22.8	27.9	102.3	21.8	18.1
18.5	39.2	15.1	122.7	28.3	16.1
3.5	19.3	20.2	125.6	15.9	32.4
18.1	24.7	32.3	134.2	19.7	23.5
14.5	27.5	31.6	94.9	27	31.8
15.5	36.7	23	117.5	30.2	30.5
8.7	29.2	29.1	124.3	21.7	34.8
9.9	29	31.8	130.9	22.4	26.1
14.7	32.8	23.7	127.3	20.3	27.4
15.2	33.4	32.6	91.2	30.4	25.2
4.6	29.9	18.7	108.8	31.3	31.7
8.3	18.9	32.2	106.6	34.8	15.9
11.8	23.8	15.9	132.5	16.5	33
12.8	28.7	24.4	100.5	25.7	27.8
12.2	35.1	28.7	125.2	32.9	26.3
4.1	18.2	27.5	116.6	23.8	24.5
12.6	37.9	20.5	135.5	22.7	18.9
18.2	20.8	34.9	120.2	15.3	15.5
13.1	39	32.9	120.9	30.7	19.8
6.6	35.6	24.6	96.7	34.7	21.8
7.1	38.4	24.9	93	18.8	23.2
8	33	23.3	123.7	32.6	27.2
11.4	16.5	26.3	129.6	33	21.6
18.7	15.1	28.9	103.1	25.3	29.6
18.8	30.9	31.5	104.8	19.4	24.5
15.9	26.1	26	92	29.8	34.6
11.1	17.8	18.8	105.3	34.4	21.2
19.7	39.4	21.8	128.4	26.7	32.2
10.7	23.7	22.2	125	27.1	30.2
19	28.1	26.6	113.3	31	34.5
16.8	26.8	25.1	131.3	27.8	15.4
8.6	21.4	19.4	93.1	28	16.3
13.4	39.8	29.7	135.9	29	17.3
10.6	24.7	29.9	129.3	31.7	31.3
5	21.7	30.4	130.5	17.5	19.4
5.8	31.7	21.7	139.8	32.2	22.3
6.9	25.8	16.1	105.7	17.5	23.8
3.1	26.5	15.3	122.2	15.6	18.3
12.1	33.6	15.6	112.8	17.9	31.1
13.4	38.1	19	137	22.8	28.3
6.6	36.4	25.4	97.5	17.2	17.2
10.4	25.3	34.5	132.1	19.2	25.5
17.2	15.3	19.6	90.1	32.3	24.2
14	15.9	25.9	99	31.2	30.8
17.6	35.7	33.4	111	25	28.1
4	31.9	29.4	138	27.5	22.2
11.7	34.7	17.8	107	33.6	33.2
15.1	20.4	22.9	118.8	23.3	20
7.5	18.7	16.4	136.6	22	30.5
14.3	31.2	30.1	111.4	20.6	26.6
16.1	24.3	18.1	119.5	18.2	27.7
5.1	20.1	21.3	103.9	26.4	20.6
8.2	25.4	27.4	115.5	29.4	17.8
19.8	15.7	33.8	97.7	34	16.2
3.6	37.2	35	116.7	15.3	33.4
3.1	39.6	33.3	100.3	34.7	27.3
19.9	15.7	15.7	137.8	32.6	15.9
19.7	21.9	15	113.4	15.6	19.7
20	19.3	15.1	90.4	34.5	29.9
18.1	39.1	15.9	135.4	15.5	15.6
3.9	39.5	17.1	131.6	15	18.2
3.3	20.5	15	95.4	34.7	15.7
7.4	16.9	33.7	93.6	15.1	34.6
20	16.4	31	134.4	15.1	34.3
3.9	38.7	16.9	130.9	24.2	16.2
3	31.2	33.7	93.2	34.3	33.4
3.7	17.5	32	123.5	33.8	33.8
13.4	16.3	15	138.5	34.6	33.6
20	20.3	34.5	128.7	34.4	34.1
5	15.1	16.9	100.5	15.1	28
19.1	32	33.7	90.6	15	17.1
19.8	39.7	17.1	92.5	34.3	18
3.2	18	33.5	90.5	25.1	19.2
16.1	38.5	35	136.2	34.8	33.8
20	39	34	134.6	15.6	35
19.9	36.7	16.9	92.3	15	34.3
19.7	19.4	15.3	138.9	15.1	33.1
3.1	39.6	35	139.1	15	19.3
3	37.2	18.3	97.1	34.9	15.1
4	15.9	29	134.9	15.1	16.2
3.2	16.4	15	131.4	15.3	31.3
19.6	39.8	23	139.4	34.7	15.3
3.1	37.3	15.2	93.6	30.3	34.1
3.1	39.9	34.3	136.1	22	35
3.4	26	34.4	92.8	17.8	34.7
19.8	38.3	16.5	91.8	15.5	34.6
18.8	15.8	31.5	133.5	34.6	32.2
19.7	38.1	33.9	95.7	26.6	16.6
3	39.5	17.5	131.9	17.5	34.7
3.2	16.1	34.3	138.1	35	25.4
3.9	15.2	33.8	96.1	15.1	27.8
19.8	15.3	16.5	98.2	23.3	32.8
14.1	18.2	32.1	90.9	15.5	15.5
19.9	21.6	33.9	90.4	34.8	15.3
20	17.3	16.4	139.6	29.3	18.9
14.2	34.6	15.8	95.5	34.9	15.8
19	18.5	15.4	137.3	34.4	33
3	39.7	16.8	119.5	34.7	15.2
19.4	15.3	15.3	138.5	15.3	15.5
11.1	15.8	33.5	114.6	35	17.1
3.1	38	34.3	94.9	34.7	15
3.6	24.8	15	115.5	15.1	16.5
19.5	16.4	34.6	139.9	19.3	16.3
18.7	40	15.1	102.8	34.2	16.2
19	36.7	34.5	90.3	30.3	32.1
19.8	15.8	34.4	138.5	24.5	33.6
3	15.4	16	135.7	26.7	15.5
19.9	39	30.4	91.9	17.4	15.2
3.2	38.5	32.2	125.1	31.1	15.1
3.1	15.2	34.3	127.8	15.6	32.5
19.7	35.3	35	94.8	15.5	34.7
16.2	24	15.4	133.5	34.9	34.3
