pred_vel_cv_pass1	vel_cv_pass1	err_vel_cv_pass1	pred_vel_cv_pass2	vel_cv_pass2	err_vel_cv_pass2
	9.448623773			2.749645748	
	1.835826678			8.636142145	
	8.259323412			12.30572594	
	9.722890842			13.79930588	
	2.611278831			9.157491559	
	3.298233782			5.771795551	
	12.53766953			3.511707833	
	4.068991274			6.744211473	
	4.463232131			3.596586171	
	4.197050309			7.043719613	
	2.296173678			9.082397409	
	7.964026017			7.599938495	
	6.362156457			3.433030997	
	4.487297567			5.148790077	
	9.801134584			1.582021347	
	6.464200046			9.961893996	
	5.725385375			10.40095529	
	3.974697313			7.870264132	
	7.894985324			14.75373052	
	6.372065521			9.423200054	
	2.305225017			9.386178188	
	1.837835321			14.29884619	
	4.635317801			7.931909517	
	4.097689512			9.522550815	
	6.889720667			4.653165344	
	9.005177307			4.759363461	
	1.814578414			4.647749242	
	3.573478848			5.879708906	
	9.36668487			6.809252884	
	11.51802629			13.63421674	
	10.02705055			4.263958973	
	6.930300993			7.400696989	
	2.810285102			7.719633818	
	6.170130358			7.300778141	
	10.76170431			8.118480128	
	8.543863877			4.968071103	
	5.718379969			7.052390766	
	2.638571588			13.20041339	
	7.108942152			8.54754202	
	8.032364185			4.384591154	
	1.803886956			5.896558806	
	6.100628962			7.613062695	
	8.840732014			11.44456295	
	1.933896334			4.756538623	
	13.01572322			4.787459946	
	8.639119284			6.938468226	
	4.136440349			9.948030859	
	13.65259541			7.980916483	
	3.239023866			9.078681004	
	8.077179375			9.594013447	
	5.692364936			8.601936863	
	8.020725254			5.115451624	
	8.151299257			6.974405429	
	1.459945004			10.35927866	
	8.692456491			4.343003371	
	7.982550552			9.575266741	
	1.975865497			7.230740517	
	2.117669651			6.939782642	
	3.037173039			10.67575036	
	2.226225715			7.674716398	
	7.885553813			8.111091987	
	5.095842117			9.437757171	
	1.921768784			11.44251581	
	14.17923424			6.718399534	
	15.59510845			13.38994583	
	3.786321442			2.292023194	
	2.402884759			4.587257516	
	3.465460887			8.709056635	
	2.293956983			7.189136447	
	2.442558325			9.432189341	
	4.532807435			8.080745213	
	2.635497664			6.179099423	
	5.281628099			10.32476317	
	4.697577061			8.438279687	
	7.957477289			7.790809226	
	2.673179854			11.59251686	
	10.37767404			2.924289069	
	9.529042026			3.076935469	
	7.102154356			11.76149052	
	3.542886882			8.960279865	
7.719583416	7.682019295	0.488987584	8.246687952	8.068752796	2.205237424
16.28163463	16.69456279	2.473429019	9.983707555	11.1438528	10.41062969
5.769810667	4.632094837	24.56158327	10.03801873	8.307474202	20.83117551
5.553010672	4.654375967	19.30730805	9.220376016	9.092920548	1.401700005
3.239700894	3.296119667	1.711672493	2.102572475	6.459335229	67.44908879
8.460575153	8.409315026	0.609563648	8.789784227	7.897621032	11.29660681
13.7060894	15.0123801	8.701423031	3.004363796	9.122141748	67.06514897
3.566813686	4.331272437	17.64974988	11.61505692	13.52021893	14.0912068
8.279243438	8.538463534	3.035910331	15.14943772	17.8769484	15.25713793
5.626927999	6.179538351	8.9425831	7.307983999	7.2037099	1.447505529
3.672458267	3.508388475	4.676500139	5.098435123	5.782365025	11.82785763
10.84605168	10.52867619	3.014391207	13.42425788	15.35943747	12.59928688
8.150342549	8.165379642	0.184156682	8.495174048	9.275438381	8.412155861
5.161711687	6.005804834	14.05462167	9.752037341	8.680992566	12.33781469
8.068401992	8.01077127	0.719415398	10.29034819	10.90286571	5.617949809
8.001166635	7.961051003	0.503898688	7.071393618	7.633186612	7.35987501
3.444541028	2.499769795	37.79432947	9.862579095	10.42541536	5.398693914
2.52812901	2.174018563	16.28828994	4.904016338	2.716212262	80.54613796
5.476852262	5.285631988	3.61773719	6.491261147	6.963233469	6.778062578
10.37583303	10.77393799	3.695073781	10.56081584	11.07830096	4.671159638
2.36402345	2.321398335	1.836182707	6.367767883	6.167684244	3.244064236
13.82421558	13.88047345	0.405302239	5.119099494	5.802999613	11.7852863
13.95366183	14.47978354	3.633491555	6.46816866	8.530859136	24.17916464
14.65540714	14.8762068	1.484247069	8.305856004	3.756244808	121.1212641
6.326637303	5.242788043	20.67314663	12.13795117	12.82101348	5.32767793
4.314948061	4.30800692	0.161121846	14.57637957	14.48237278	0.649111826
16.34444082	16.55477227	1.270518571	11.27903096	12.10576942	6.829292919
16.77784822	16.75448678	0.139433884	13.13831726	14.18311177	7.366468899
5.16818333	4.420202384	16.921871	6.713146031	7.076567752	5.135564769
5.390361239	5.020987619	7.356592915	15.62053352	15.85503555	1.479038197
9.927470209	9.668739637	2.675949311	12.13368903	11.97015952	1.366143112
2.38508345	1.923698978	23.98423438	10.61770655	10.97688675	3.272150053
5.412605147	4.91956494	10.02202862	8.214443254	11.05195309	25.67428409
5.397702401	5.598954237	3.594454033	8.392103921	6.393249553	31.26507658
4.10571083	4.286092514	4.208534559	6.452533459	4.082507961	58.05317519
14.9242918	15.35184114	2.785003647	14.50790364	14.57715098	0.475040263
3.163991357	1.884972164	67.8534791	9.331355999	8.912956931	4.694279028
13.74273376	11.96953607	14.81425581	10.5641963	11.53357183	8.404816334
3.403462143	3.340372286	1.888707378	5.677631431	6.899856341	17.71377329
15.55506506	15.2825286	1.783320459	3.345840679	2.903509574	15.23436014
2.338861518	1.970801948	18.67562441	6.89179999	6.798059542	1.378929501
8.947090861	9.14412352	2.154746254	8.51344555	10.53171615	19.16373902
7.952996343	7.451242041	6.733834426	8.874630064	10.26432218	13.53905396
3.708435588	5.046771897	26.51866057	8.687211568	9.641527065	9.897970416
4.797222362	5.467480381	12.25899267	15.52280963	16.08243171	3.479710591
6.754046385	7.634729957	11.53522883	4.444630455	4.437852903	0.152721407
5.412282843	5.353689424	1.094449355	7.255172822	7.39829565	1.934537827
8.145294578	8.27885249	1.613241837	9.010944764	9.089756082	0.867034469
6.38327894	5.600858913	13.96964357	12.70958975	14.10521596	9.894398038
3.376909866	2.662513305	26.83166165	6.46204577	8.359126228	22.69472198
1.910229895	1.888623413	1.144033338	8.032401513	7.837933924	2.481107784
4.828841569	5.383779977	10.30759822	5.031080507	6.322704098	20.42834159
9.977941538	10.40074399	4.065117378	9.197219413	7.229727542	27.21391449
4.617361275	4.886677937	5.511242303	15.75886264	15.56654102	1.235480807
12.73065474	12.70696614	0.186422183	5.547687679	2.644974439	109.7444723
5.535928822	5.353729338	3.403225537	9.148036264	9.233888627	0.929753077
4.196201564	4.126388556	1.691867057	12.43368832	10.44885552	18.99569576
10.04484769	10.60752494	5.304510229	3.941743052	5.210916402	24.35604895
3.472881987	3.555016093	2.310372277	9.204563505	9.405471186	2.136072476
