idx	input_thick	input_angle	power_input_thick	power_output_thick	mid_thick	mid_angle	mid_input_thick	output_thick	pred_pressure_drop	pressure_drop	err_pressure_drop	pred_vel_cv	vel_cv	err_vel_cv	pred_temp_std	temp_std	err_temp_std	pred_max_temp	max_temp	err_max_temp	pred_power_module_flow	power_module_flow	err_power_module_flow	pred_weight	weight	err_weight
0	27.5	94.2	16.9	34	27.1	126.5	17	25.9		1698.23			11.9353532			0.793508153			121.194			0.613536924			5.007536428	
1	21	118.3	9.2	21.1	22.6	114	28.6	28.9		1773.13			13.26491142			0.733144388			120.695			0.38144856			5.027366323	
2	33	98.8	5.7	37.3	20.9	103.6	34.2	32.6		1588.61			15.11604606			0.687793535			120.399			0.268445705			5.010225636	
3	26.7	92.9	3.4	23.4	20	108.2	20.2	20.4		1980.9			18.56915332			0.721266198			120.02			0.131309088			5.021129264	
4	20.5	105.9	10.1	28.2	22.4	133.7	25.2	21		1884.02			12.32375022			0.749087677			120.765			0.413580456			5.023628339	
5	22.4	125.6	19.6	37	16.8	115.7	26.2	28.6		1646.34			5.635891267			0.808242363			121.571			0.65831185			5.027872701	
6	34.6	91.3	15.5	18	26.9	97.4	18.7	29.4		1549.71			12.20917057			0.792466307			121.037			0.527158722			4.994679591	
7	16.8	129	19.2	30.6	33.1	139.1	33.9	17.7		1956.81			7.641612104			0.698549714			121.254			0.488049408			4.998384761	
8	18.3	124.2	17.8	27.7	31.1	112.1	16.4	26.9		1951.77			8.067582416			0.748154772			121.138			0.606835464			5.013819004	
9	24.4	149.8	9.4	36	34.6	98.2	24.7	15		1738.76			10.38982752			0.765825664			120.827			0.347011152			4.988932141	
10	15.4	143.2	6.3	30.1	30.8	138.2	18.3	33.7		2128.49			13.00426809			0.719969607			120.394			0.245671272			5.042018718	
11	27.3	105.1	10.9	34.1	33.9	128	21	21.5		1671.03			9.267992179			0.784090075			120.952			0.408348444			4.998488061	
12	20.1	113.5	16.2	19.7	20.3	99.6	15.1	18.6		2058.55			10.76449887			0.747534828			120.827			0.618365016			5.021922032	
13	24.9	116.8	17.2	37.8	17.1	91.4	24.4	16.8		1738.24			6.213047169			0.805730336			121.489			0.635006112			5.009866198	
14	30.5	128	16.5	23	16.6	110.5	19.8	23.7		1599.33			10.32394313			0.796645167			121.155			0.629191554			5.025265569	
15	28.2	123.4	6.1	29.6	28.4	134.6	29.1	34		1549.95			13.49936602			0.707122001			120.416			0.22994316			5.023441658	
16	25.5	132.7	7.3	27	21.1	107.7	23.2	29		1698.42			14.55535883			0.754746132			120.547			0.339976476			5.031668183	
17	23.9	114.6	14.2	19.7	30.7	115	24.2	25.7		1661.54			8.621494131			0.76498031			121.011			0.444220872			5.006110249	
18	32	129.7	4.3	17.3	17.4	100.8	33.3	29.8		1712.11			19.25579742			0.681537412			120.212			0.206087304			5.028153732	
19	28.6	136.5	3.8	16.7	34.2	117.2	27.6	16.6		1688.07			12.38972473			0.695712175			120.151			0.109798872			4.999354142	
20	22.6	110.3	7.7	15.7	24.1	96.2	29.5	33.4		1731.4			13.75606229			0.729046414			120.56			0.331621822			5.021872701	
21	19.6	127	4.9	17	17.5	121.9	31.9	22.9		1999.38			18.74951032			0.691586178			120.17			0.24086244			5.036701611	
22	23.2	97.6	9.6	32.2	28.1	95.4	21	22.7		1827.24			10.09382759			0.757197353			120.805			0.408871023			5.001951422	
23	15.9	106.6	5.5	22.4	33.5	109.7	25.9	19.2		2233.73			12.26992746			0.672613422			120.294			0.200117467			5.005576583	
24	21.9	126.4	9.1	34.6	23.9	101.5	16.2	25		1893.42			10.44012031			0.757320181			120.674			0.433538196			5.025229911	
25	30.6	109.6	13.7	31.5	18.3	94	21.3	19.7		1649.71			9.471773484			0.795452303			121.149			0.58068769			5.009669047	
26	19.8	141.4	19.9	22	25.7	118.4	23.6	33.9		1695.05			4.964029803			0.769079996			121.2			0.564876624			5.026825116	
27	20.4	101.2	12.6	22.8	27.9	102.3	21.8	18.1		1949.44			8.120331903			0.762084387			120.921			0.462711191			5.002932841	
28	34	112.1	18.5	39.2	15.1	122.7	28.3	16.1		1575.8			7.873186333			0.810505796			121.673			0.656975584			5.004950987	
29	25.1	102.3	3.5	19.3	20.2	125.6	15.9	32.4		2006.47			19.21888529			0.730617153			120.016			0.153246937			5.044230831	
30	30.8	149	18.1	24.7	32.3	134.2	19.7	23.5		1527.14			10.27847283			0.801546053			121.214			0.53817816			5.007813919	
31	29.2	91.7	14.5	27.5	31.6	94.9	27	31.8		1524.98			8.443128303			0.779592549			121.233			0.480161946			4.98674071	
32	24.5	96	15.5	36.7	23	117.5	30.2	30.5		1624.81			9.794903693			0.780563572			121.31			0.54116064			5.011622921	
33	25.9	140.5	8.7	29.2	29.1	124.3	21.7	34.8		1594.6			11.36373899			0.762917475			120.7			0.3572138			5.028696362	
34	33.5	130.4	9.9	29	31.8	130.9	22.4	26.1		1499.65			10.86050308			0.777065418			120.853			0.371722824			5.008188167	
35	28.9	124.6	14.7	32.8	23.7	127.3	20.3	27.4		1571.4			9.918030834			0.793736578			121.143			0.555315274			5.020797238	
36	28.3	121.5	15.2	33.4	32.6	91.2	30.4	25.2		1507.04			9.028460498			0.780780313			121.318			0.477273312			4.981844085	
37	23.4	143.5	4.6	29.9	18.7	108.8	31.3	31.7		1792.77			18.23647715			0.707941255			120.178			0.225519688			5.03841388	
38	32.7	144.4	8.3	18.9	32.2	106.6	34.8	15.9		1562.56			9.298099801			0.702352077			120.65			0.281871984			4.987087803	
39	23.6	137.3	11.8	23.8	15.9	132.5	16.5	33		1771.97			10.78923503			0.778577839			120.82			0.574267296			5.053076264	
40	18.8	119.8	12.8	28.7	24.4	100.5	25.7	27.8		1849.51			9.1829606			0.749334978			121.025			0.49009152			5.019242199	
41	15	117.5	12.2	35.1	28.7	125.2	32.9	26.3		2104.99			10.50122131			0.687308153			120.954			0.422716824			5.015532548	
42	29.8	133.4	4.1	18.2	27.5	116.6	23.8	24.5		1645.37			14.58065698			0.714605036			120.169			0.142583076			5.018774382	
43	16.7	146.8	12.6	37.9	20.5	135.5	22.7	18.9		2016.91			8.454697356			0.750130393			120.925			0.516863299			5.032459051	
44	31.1	111.7	18.2	20.8	34.9	120.2	15.3	15.5		1786.8			14.52109406			0.781665138			121.101			0.579074496			4.986060386	
45	34.4	118.6	13.1	39	32.9	120.9	30.7	19.8		1478.46			10.15358234			0.770916316			121.163			0.431289204			4.982893241	
46	25.4	139.8	6.6	35.6	24.6	96.7	34.7	21.8		1663.94			11.31652867			0.7072707			120.48			0.289457481			5.007142398	
47	34.9	108.2	7.1	38.4	24.9	93	18.8	23.2		1656.84			13.50930184			0.751473743			120.563			0.330583668			5.000910593	
48	17.5	95	8	33	23.3	123.7	32.6	27.2		2060.86			13.52619715			0.698959752			120.563			0.33871968			5.022768641	
49	31.9	104.3	11.4	16.5	26.3	129.6	33	21.6		1526.06			12.61806242			0.725834415			120.818			0.370574784			4.9995106	
50	26.4	135.9	18.7	15.1	28.9	103.1	25.3	29.6		1533.45			8.056669656			0.774755074			121.046			0.480908288			5.006674482	
51	27.8	107.3	18.8	30.9	31.5	104.8	19.4	24.5		1615.83			10.14598645			0.800518199			121.36			0.591363024			4.991845274	
52	32.8	148.1	15.9	26.1	26	92	29.8	34.6		1380.64			9.326561355			0.785270773			121.319			0.519828876			5.007685671	
53	22.1	147.5	11.1	17.8	18.8	105.3	34.4	21.2		1723.71			13.04368386			0.731897213			120.88			0.449498052			5.023020671	
54	32.4	138.3	19.7	39.4	21.8	128.4	26.7	32.2		1410.74			7.110191381			0.81749874			121.526			0.613692782			5.018797332	
55	30.2	100.5	10.7	23.7	22.2	125	27.1	30.2		1551.48			12.67223926			0.752441494			120.889			0.436982488			5.017617446	
56	21.2	103.2	19	28.1	26.6	113.3	31	34.5		1681.13			8.004736184			0.754089217			121.376			0.54308916			5.011192368	
57	22.8	145.6	16.8	26.8	25.1	131.3	27.8	15.4		1724.27			8.51229582			0.768068089			121.159			0.515438784			5.010751809	
58	17.3	112.6	8.6	21.4	19.4	93.1	28	16.3		2160.56			14.59731333			0.713402113			120.641			0.405896386			5.019216903	
59	21.4	93.4	13.4	39.8	29.7	135.9	29	17.3		1861.56			9.716213612			0.752402517			121.084			0.44518284			4.998364153	
60	33.6	96.9	10.6	24.7	29.9	129.3	31.7	31.3		1440.54			11.84593668			0.741565867			120.882			0.375143249			4.998946715	
61	19.4	134.7	5	21.7	30.4	130.5	17.5	19.4		2019.23			14.34438302			0.728141889			120.239			0.1868772			5.02552464	
62	21.5	115.3	5.8	31.7	21.7	139.8	32.2	22.3		1836.25			15.82892282			0.695779629			120.28			0.246940104			5.026028248	
63	33.8	104	6.9	25.8	16.1	105.7	17.5	23.8		1795.6			14.81534125			0.740413769			120.422			0.391301208			5.024972141	
64	31.3	101.4	3.1	26.5	15.3	122.2	15.6	18.3		2145.03			22.83469436			0.711018493			119.873			0.143686116			5.030561858	
65	18.7	134.1	12.1	33.6	15.6	112.8	17.9	31.1		1938.18			8.145575229			0.764451415			120.948			0.582494484			5.049285708	
66	19.2	120.7	13.4	38.1	19	137	22.8	28.3		1850.96			7.499712677			0.761469349			121.04			0.535912632			5.037671706	
67	18	131.2	6.6	36.4	25.4	97.5	17.2	17.2		2162			12.91628078			0.731342003			120.443			0.316147885			5.018820076	
68	15.6	135.2	10.4	25.3	34.5	132.1	19.2	25.5		2100.12			8.837789476			0.731309531			120.827			0.381564768			5.022215771	
69	24.1	121.6	17.2	15.3	19.6	90.1	32.3	24.2		1646.43			12.0987415			0.755252837			121.144			0.523494384			5.010812416	
70	16	131.5	14	15.9	25.9	99	31.2	30.8		1970.26			11.17671281			0.703366782			120.937			0.44698584			5.019709972	
71	17.2	115.7	17.6	35.7	33.4	111	25	28.1		1911.1			5.182382249			0.746745715			121.364			0.536077796			5.002996154	
72	26.9	138.8	4	31.9	29.4	138	27.5	22.2		1659.85			13.50141823			0.696254905			120.131			0.12581616			5.018465035	
73	16.3	109.5	11.7	34.7	17.8	107	33.6	33.2		2040.46			12.67099403			0.713404329			121.046			0.510789356			5.033759365	
74	29.3	144.9	15.1	20.4	22.9	118.8	23.3	20		1590.74			8.343189254			0.788315844			121.032			0.505642224			5.016273877	
75	18.1	96.2	7.5	18.7	16.4	136.6	22	30.5		2148.45			16.21392238			0.72673008			120.453			0.394548569			5.049131893	
76	31.6	142.1	14.3	31.2	30.1	111.4	20.6	26.6		1505.67			9.829630588			0.804932763			121.183			0.504313524			5.006490449	
77	29.7	90.5	16.1	24.3	18.1	119.5	18.2	27.7		1651			11.49947248			0.790050695			121.11			0.618902676			5.019830282	
78	27.2	123	5.1	20.1	21.3	103.9	26.4	20.6		1773.8			16.33353415			0.715480274			120.279			0.228535488			5.019477445	
79	26.1	99.2	8.2	25.4	27.4	115.5	29.4	17.8		1737.26			13.02073915			0.723421977			120.645			0.316165104			4.999016639	
80	16	122.6	19.4	39.9	15	124.4	15.2	16.6	2237.398803	2301.6	2.789415927	7.673759111	28.11156716	72.70248553	0.750251079	0.759594518	1.23005621	121.2666055	121.298	0.025882097	0.735936174	0.747504504	1.547593289	5.034018324	5.03403804	0.000391653
81	15.7	130.4	3.5	24.7	34.7	98.9	34	34.8	2112.035864	2048.65	3.0940309	9.266765956	10.59330751	12.52244926	0.648799468	0.604085457	7.401934556	120.0552255	120.051	0.003519748	0.128984827	0.104598124	23.3146655	5.012103255	5.012217183	0.00227301
82	33.9	133.7	3	33.7	34.4	112.3	15.4	32.3	1621.030735	1688.67	4.005475594	17.40763162	16.12543163	7.951414975	0.735025529	0.715689891	2.701678227	120.1287499	120.116	0.010614641	0.085661989	0.08006544	6.989967847	5.013825019	5.013954702	0.002586434
83	15.5	102.1	19.9	15.7	15.7	137.8	32.6	15.9	2196.358657	2286.99	3.962909442	8.051096089	12.25620366	34.31003341	0.715272221	0.729741519	1.982797743	121.1338861	121.084	0.041199577	0.562755478	0.562106544	0.11544685	5.022628	5.022584014	0.000875773
84	34	137.9	19.6	17.3	34.8	123.5	34.9	31.8	1348.928199	1355.94	0.517117322	8.93476695	7.955846116	12.30442143	0.755250791	0.737283182	2.437002513	121.1365678	121.173	0.030066274	0.429676622	0.439337298	2.19892004	4.992052825	4.992107433	0.001093872
85	34.9	119.2	19.5	26	15.2	134.6	15.6	19.1	1665.560609	1682.48	1.005622141	30.64482439	19.99899851	53.23179498	0.796968182	0.784778814	1.553223378	121.1971242	121.128	0.057067056	0.712657137	0.721597104	1.238913934	5.020716761	5.020990615	0.005454188
86	16	96	4.3	39	15.6	109.3	15.3	33.1	2534.914793	2622.74	3.34860517	18.97618991	19.37566984	2.061760663	0.714163676	0.705177485	1.274316246	120.0578573	120.02	0.031542482	0.234910488	0.231927552	1.286149855	5.055034646	5.055241416	0.004090221
87	34.9	107.5	3.6	36.3	34.8	134.6	34.6	15.3	1634.107572	1614.46	1.216974869	9.835971509	10.15192718	3.112272807	0.654696073	0.642619129	1.879331556	120.1422861	120.168	0.02139828	0.09889942	0.096032016	2.985884253	4.982139812	4.98210611	0.000676463
88	32.8	139	19.9	18.9	15.3	95.8	34.4	34	1416.936475	1390.41	1.907816775	11.2348643	10.26424746	9.456288353	0.773022415	0.799069223	3.259643545	121.4753556	121.696	0.181307886	0.603090389	0.634940544	5.01624213	5.022031298	5.022127986	0.001925249
89	16.3	117.3	3.2	35.4	17.3	119.8	34.7	18.2	2339.575827	2351.36	0.501164148	17.56152144	16.08774907	9.160836371	0.649743951	0.641694098	1.254468895	119.8926404	119.874	0.015549959	0.152976214	0.128391168	19.14854898	5.030507317	5.030472361	0.000694891
90	34.7	147.5	19.8	38.9	27.6	111.4	34.8	18.4	1451.647836	1434.5	1.195387666	7.011553377	7.25840127	3.400857618	0.784752178	0.783788478	0.122954095	121.5699873	121.565	0.004102564	0.561637445	0.55114884	1.903043997	4.985840192	4.985778917	0.001228985
91	15.4	91.1	20	35	35	101.2	16.1	34.2	2178.329034	2327.21	6.397401438	12.64206998	10.86502964	16.35559589	0.734326087	0.754457464	2.668324917	121.3528821	121.317	0.029577137	0.657636494	0.6633336	0.858859808	5.003818929	5.00407598	0.00513683
92	15.8	146.3	19.7	15.9	15.1	94.6	15.7	33.6	2052.486012	2114.58	2.936469072	14.45608572	17.08692947	15.39681985	0.747412777	0.745291155	0.284670292	120.9786974	121.014	0.029172302	0.699904708	0.717911458	2.508213207	5.050257193	5.050445468	0.003727899
93	15	142	3.6	37.1	34.9	137.4	16.6	15.4	2346.302602	2396.52	2.095429949	14.67277091	14.67229991	0.003210168	0.69499714	0.681113573	2.03836295	120.1158445	120.07	0.038181477	0.104386421	0.108791387	4.049002325	5.020894784	5.020866983	0.000553713
94	15.2	132.7	3.6	15.3	16	110.1	17.7	20.1	2561.790742	2584.39	0.874452293	20.00737959	20.89572036	4.251304833	0.703719618	0.702040477	0.239180057	119.9335809	119.914	0.016329098	0.192752346	0.18677071	3.202662661	5.050578777	5.050610982	0.000637638
95	34.6	144.4	3.5	39.2	15.3	139.5	23.9	29.8	1804.517092	1782.69	1.224390761	19.99817161	22.36513427	10.58327049	0.694657517	0.687012107	1.112849416	119.9451987	119.959	0.011505024	0.148975234	0.16672177	10.64440197	5.044097117	5.044137272	0.000796067
96	17.6	145.8	19.9	39.7	15.8	116.1	34.4	28	1795.653358	1790.36	0.295658872	9.448531088	7.990977611	18.23998951	0.771687539	0.770158108	0.198586663	121.708843	121.718	0.007523149	0.663208253	0.650113896	2.014163483	5.029314588	5.029333742	0.000380852
97	29.9	92.6	20	16.3	34	114.3	15	34.9	1646.795624	1667.6	1.24756394	15.54276688	14.85368308	4.63914436	0.775912141	0.777896221	0.255057163	121.0275458	121.024	0.002929833	0.602536946	0.5990112	0.588594277	4.998524263	4.998606965	0.001654509
98	34.7	94.6	10.4	38.7	16.7	139.3	34.4	15.3	1650.314984	1634.68	0.956455345	14.77723116	15.01410364	1.577666423	0.731947861	0.73227394	0.04452964	120.9394654	120.956	0.013669936	0.461607786	0.449981376	2.583753561	5.000393295	5.000138744	0.005090871
99	34.4	91.3	8.5	18.5	34.3	92.4	15	28.4	1666.639418	1686.89	1.200468465	13.03697778	16.12816832	19.16640795	0.772918604	0.778176946	0.675725855	120.7089331	120.751	0.034837764	0.357364613	0.362410363	1.392275367	4.985674527	4.98554532	0.002591635
100	34.8	90.1	20	39.1	34.8	129.6	29.8	24.6	1464.491855	1422.52	2.950528265	7.443895428	8.437236018	11.77329386	0.78642819	0.795514913	1.142244296	121.5592721	121.573	0.01129191	0.533241432	0.5300352	0.604909305	4.972174128	4.971908762	0.005337298
101	17.8	107.2	13.3	15.9	34.6	136.9	34.9	33.9	1867.199778	1857.19	0.538974358	9.069350948	7.529641689	20.44863915	0.670804184	0.665955833	0.728029021	120.8523488	120.833	0.016012847	0.361476405	0.365649984	1.141413612	5.013477226	5.013350206	0.002533653
102	25.5	121.3	3.4	15.3	34.4	126.9	15.5	31.8	1796.544734	1812.85	0.89942718	15.66829283	15.52411404	0.92874091	0.732989205	0.723636089	1.292516433	120.1393343	120.111	0.023590123	0.103772327	0.092179032	12.57693284	5.025938637	5.025960984	0.000444632
103	33.7	144.3	15.8	39.6	17.1	132.9	15.2	34.2	1546.516949	1585.52	2.459953239	18.45477118	21.0696616	12.41069015	0.797469971	0.790934064	0.826352903	121.1779301	121.151	0.022228523	0.670947735	0.687250704	2.372201068	5.040903154	5.040924435	0.000422153
104	17.3	125.3	12.9	38.2	34.2	94.9	15.3	34.9	2042.243064	2020.73	1.064618405	7.752340799	8.430985138	8.049407368	0.755408179	0.754622702	0.104088741	121.0446135	121.138	0.077090996	0.530337816	0.541408356	2.0447671	5.012837321	5.012669572	0.003346499
105	15.4	143.6	19.7	15.4	34.4	94	19.3	20.8	2115.173545	2132.33	0.804587236	5.640177072	7.427790982	24.06656184	0.728722932	0.737612017	1.205116605	120.9201938	120.98	0.049434752	0.528138599	0.507120927	4.144508934	4.997065424	4.996854596	0.004219221
106	34.8	133	18.8	38.8	34.7	101.4	15.5	25.5	1569.82551	1574.31	0.28485429	17.61254657	15.00167332	17.40388019	0.810515224	0.82379637	1.612188069	121.4463366	121.439	0.006041385	0.66125895	0.66307224	0.273467917	4.986815333	4.986846923	0.000633477
107	17.7	143	3.2	38.9	34.2	113.9	24.8	33.9	1914.328651	1913.37	0.050102775	13.02298381	12.50322612	4.156988706	0.670762175	0.664845733	0.889897043	120.0413327	120.038	0.002776386	0.088514242	0.083169792	6.425950474	5.023342008	5.023419862	0.001549813
108	34.9	144.7	5.2	15.6	15.5	137	20	15.1	1935.515676	1873.06	3.334419403	18.44150571	20.64356955	10.66706917	0.718585995	0.711284429	1.026532486	120.1519194	120.2	0.040000471	0.276172967	0.268280688	2.941799192	5.034464578	5.034292269	0.003422719
109	16.1	92.6	19.9	15.1	29.1	99.5	34.9	21.2	2149.946625	2172.16	1.022639902	8.712710859	7.901628692	10.26474666	0.684170725	0.675302885	1.313164806	120.9507123	120.993	0.034950568	0.456558296	0.454176108	0.524507606	4.991102371	4.991198884	0.00193368
110	15.8	149.3	4.1	18.4	24.8	126.7	34.9	15.4	2195.352746	2192.64	0.123720532	13.0436211	10.99755521	18.60473397	0.631527882	0.635329769	0.598411583	120.0473146	120.019	0.023591726	0.145531081	0.142644084	2.023916343	5.022832681	5.022821018	0.000232205
111	34	137.1	3.7	15.8	33.6	104	34.8	33.1	1475.111947	1474.39	0.048965823	10.12940303	9.89100073	2.410295019	0.652508802	0.646597781	0.91417285	120.15288	120.183	0.025061765	0.109042354	0.109991961	0.863342647	5.001441846	5.001504431	0.001251331
112	15.3	143.3	7.9	38.3	33.3	96.4	34.7	15.6	2132.073492	2142.09	0.467604465	9.148034329	8.366741966	9.338071694	0.649627736	0.641943107	1.197088836	120.583586	120.571	0.01043869	0.29287748	0.295887864	1.017406993	4.990817721	4.99083947	0.000435775
113	27.3	138	19.3	39.9	34.5	90.5	34.1	34	1418.971135	1423.53	0.32025069	7.476461421	7.072282817	5.714966648	0.769215634	0.782073451	1.644067709	121.5348129	121.595	0.04949804	0.531501955	0.52533828	1.173277319	4.983039838	4.983025083	0.000296109
114	15.4	97.7	8.6	38.9	15.5	123.6	15.8	15.2	2620.039293	2611.07	0.343510238	12.30996223	8.31325042	48.0764034	0.724185059	0.731404493	0.987064519	120.4904564	120.491	0.000451154	0.461282217	0.486633818	5.209584694	5.037735797	5.037810252	0.001477922
115	21.4	138.2	3.3	39.5	15.3	119.6	15.1	16.1	2297.852418	2335.76	1.622922827	22.95650446	22.18946871	3.456755814	0.718855792	0.72365799	0.663600527	119.8449525	119.886	0.034238746	0.165520241	0.153055188	8.14415604	5.043741571	5.043758238	0.000330455
116	15.2	93.1	12.9	15.3	29.5	118.5	15.7	32.4	2371.192184	2393.48	0.931188734	8.12914294	7.026659311	15.69001114	0.729053907	0.733051775	0.545373227	120.7807984	120.792	0.009273451	0.483991726	0.472717404	2.385002425	5.029014038	5.029023736	0.000192854
117	34.6	97.7	3	15.9	34.8	137.7	16.4	18.7	1812.388599	1765.07	2.680834143	15.6392784	15.79136482	0.963098639	0.709672801	0.713783426	0.575892551	120.0875572	120.11	0.01868522	0.064960819	0.07252416	10.42871912	5.000046699	5.000087096	0.000807933
118	33.8	91	19.7	16	16.2	111.7	24.7	34.1	1473.668763	1471.05	0.178019982	7.322532217	8.670249668	15.54415966	0.795999459	0.796777837	0.097690699	121.3453293	121.338	0.006040434	0.622245445	0.630737373	1.346349407	5.016371512	5.01631639	0.001098862
119	34.7	109.5	10.5	15.8	15.4	129.8	34.2	34.9	1505.677467	1485.61	1.350789717	16.30899661	16.23762023	0.439574129	0.726066606	0.738500692	1.683693207	120.9757412	121.009	0.027484575	0.464044438	0.487258802	4.764278042	5.028073497	5.028114825	0.000821925
120	15.3	128.9	3.3	38.8	18.3	120.4	29.2	34.6	2315.259225	2303.98	0.489553966	19.11092965	18.59449903	2.777330108	0.659391075	0.657880923	0.229547807	119.9043654	119.902	0.001972778	0.144472059	0.12924252	11.78369116	5.050349957	5.050261477	0.001751985
121	31.4	132.5	19.8	16.8	34.9	92.6	31.2	15.9	1547.841676	1566.11	1.166477686	9.259844983	8.95726437	3.378047137	0.757577036	0.765601701	1.048151456	121.1481835	121.184	0.029555491	0.43449618	0.448555536	3.134362496	4.966879577	4.966776547	0.002074397
122	33.4	97.7	3.1	39.3	15.4	99.5	34.3	21.3	1850.340554	1920.15	3.635624592	19.08162035	20.34884553	6.22750406	0.660082152	0.666825868	1.01131587	119.9925183	120.007	0.012067382	0.140656442	0.14223048	1.106680995	5.009993423	5.009935953	0.001147131
123	15.1	106	5.9	18.6	15	130.7	34.9	34.3	2347.33	2360.88	0.573938525	16.90552379	15.55530062	8.680148329	0.663645176	0.664921153	0.191898939	120.3214741	120.326	0.00376133	0.315126835	0.322194516	2.193606845	5.051160963	5.051077779	0.001646851
124	33.8	91	3.1	38	22.4	121.6	15.1	34.7	1858.24894	1839.98	0.992887965	19.87863528	19.29513688	3.024069775	0.703612937	0.717344168	1.914176057	119.9876049	120.019	0.026158407	0.105002856	0.108908952	3.586570344	5.026387478	5.026235198	0.003029701
125	15.6	94.5	19.4	37.6	15.5	91.8	19.7	32.5	2221.170476	2238.62	0.779476812	14.86377142	16.33781047	9.022255775	0.767014737	0.772305933	0.685116662	121.4815118	121.497	0.012747768	0.722096858	0.712025784	1.414425503	5.035136736	5.035380401	0.004839054
126	26.7	91.4	16.8	38.7	15.3	136.5	34.8	20.5	1658.21568	1645.8	0.754385738	10.57292991	9.581153852	10.35132167	0.787187361	0.790897304	0.469080244	121.556101	121.544	0.00995603	0.611183007	0.611489088	0.05005507	5.009392212	5.009464458	0.001442203
127	34.6	147.8	9.1	15.4	15.4	96.5	15.6	32.4	1688.717337	1702.89	0.8322712	15.20157627	14.9788063	1.48723449	0.757940761	0.753987686	0.524289079	120.6118126	120.591	0.017258872	0.502539732	0.494950092	1.533415221	5.044430159	5.044609783	0.003560713
128	34.7	113.2	10	39.8	33.6	127.9	34.8	33.3	1389.77868	1383.07	0.485057177	8.997531451	8.710088829	3.300111255	0.724147231	0.717331642	0.950130738	120.8876075	120.89	0.001979076	0.351447458	0.3460872	1.548817109	4.994630542	4.994703131	0.001453327
129	34.4	140.3	12.2	15.5	35	135.4	15.7	34.3	1557.036406	1556.63	0.026108053	15.43108672	15.00770955	2.821064476	0.791409511	0.79127596	0.016877906	120.9347824	120.912	0.018842152	0.427118304	0.427332816	0.050197814	5.019017763	5.019067557	0.000992095
130	17	97.8	20	15.8	24.3	94.1	15.4	15.1	2383.079021	2372.35	0.452252871	11.57186712	8.444537632	37.0337563	0.73458485	0.725852519	1.203044786	120.742258	120.78	0.031248556	0.622130641	0.6164208	0.926289406	5.006661812	5.006586092	0.001512401
131	33.5	115.9	19.9	39.3	21.5	99	16.7	17.3	1677.71128	1670.73	0.417858054	19.75113408	17.70473308	11.55849676	0.808097259	0.809731316	0.201802288	121.4245843	121.354	0.058163942	0.70317361	0.708452736	0.745162701	4.998238952	4.998191987	0.000939644
132	34.8	110.8	10	36.3	32.5	136.5	15.1	15.5	1745.399667	1758.27	0.731988449	14.56767385	15.86084788	8.153246552	0.784469171	0.782751694	0.219415229	120.84589	120.892	0.03814145	0.429389936	0.4282308	0.270680202	4.996124431	4.996183438	0.001181049
133	15.4	138.9	14.3	15.3	15.5	124.2	29.1	31.9	2022.196026	2042.71	1.004252889	12.37424231	12.83536606	3.592603011	0.72909576	0.741579844	1.683444381	121.0688896	121.092	0.019085007	0.545082694	0.548462772	0.616282173	5.048270207	5.048224669	0.00090207
134	33.6	100.5	19.8	18.7	24.2	131.3	34.6	15.2	1550.519643	1569.23	1.192327274	9.095730839	9.494065128	4.195613616	0.758091663	0.752607367	0.728706075	121.145685	121.158	0.010164391	0.499363355	0.49315068	1.25979237	4.985254182	4.985310362	0.001126915
135	15.6	93	3.2	15.2	22.8	138.5	30.3	34.7	2342.102743	2338.74	0.143784385	15.96821982	15.8232111	0.916430391	0.648118351	0.655243565	1.087414608	119.9276506	119.921	0.005545821	0.105694259	0.102586752	3.029150844	5.044401068	5.044414512	0.00026652
136	15.1	104.9	14.3	15.1	15.3	116.2	15.9	15.4	2533.807071	2544.57	0.422976347	10.72169674	7.828502017	36.95719453	0.735194869	0.723546316	1.60992507	120.6538606	120.676	0.018346113	0.602548358	0.578467032	4.162955683	5.037197074	5.037216996	0.000395487
137	22.1	96	3.4	38.8	29.1	94.5	34.5	32.8	1818.83453	1838.26	1.05673134	10.79890623	11.30769826	4.499519016	0.648996243	0.643221423	0.897796598	120.0786545	120.056	0.018869936	0.109167168	0.102402696	6.60575537	5.004553508	5.0046133	0.001194737
138	15.5	94.1	6.8	16.3	34.8	126.9	15.1	33.7	2389.600419	2398.02	0.351105554	13.23028383	11.97063467	10.52282681	0.718041641	0.71829643	0.035471204	120.4658721	120.481	0.012556279	0.271354113	0.274994448	1.323784829	5.029644398	5.029682753	0.000762572
139	15.2	147.3	19.8	39.1	25.2	133.7	34.9	33.5	1878.648294	1914.15	1.854698219	7.262450027	6.822155272	6.453895261	0.720167584	0.711340523	1.240905176	121.4356103	121.408	0.022741742	0.561268564	0.559231992	0.364173036	5.024715075	5.024728409	0.000265354
140	33.7	102.1	4.2	39	35	91	27.2	16.1	1674.004434	1670.82	0.190591113	11.87846735	12.68808689	6.380942638	0.697484004	0.698327667	0.120811958	120.2886593	120.28	0.007199301	0.145814572	0.133306992	9.382538542	4.968192697	4.968208145	0.00031094
141	31.6	147.4	10.1	39.4	16	92.6	26.2	33.7	1545.151028	1540.74	0.286292808	13.95639618	14.12559484	1.197816202	0.771930377	0.776273911	0.559536257	120.9448247	120.994	0.04064272	0.49867806	0.502021308	0.665957446	5.033591577	5.033674903	0.001655373
142	15.1	135.7	3.1	17.8	31.9	90.4	15.4	16.6	2484.601128	2485.31	0.028522484	15.34295974	16.01503112	4.196503754	0.693670362	0.677837318	2.335817769	120.0083332	120.007	0.001110896	0.094341573	0.09050946	4.233936468	5.012382864	5.0122228	0.003193483
143	29.2	90.8	15.3	23.1	34.3	137.3	35	16.5	1640.198914	1615.21	1.547100033	8.395380329	7.553852283	11.14038261	0.727255813	0.727474942	0.030121874	121.0691091	121.091	0.018078097	0.410823275	0.412905384	0.50425821	4.977452742	4.977399311	0.00107347
144	15.2	149.8	19	37.9	27.6	106.3	15.3	15.1	2254.111374	2290.89	1.605429609	11.73667933	14.73726833	20.36055076	0.746675144	0.744583155	0.280961137	121.1832301	121.177	0.005141289	0.672382257	0.67838664	0.88509746	5.010557625	5.010608773	0.00102079
145	34.9	141.2	19.9	15.8	22.4	131.7	15.1	17	1693.032764	1717.99	1.452699705	13.93714452	15.59730666	10.64390267	0.77473582	0.757473265	2.278965619	120.8095518	120.778	0.026123817	0.627596495	0.62176356	0.938127524	5.014653806	5.014612206	0.000829591
146	35	101.2	14.1	31.2	15.2	91	34.8	15.3	1596.202958	1616.63	1.263556998	12.06741562	10.89220739	10.78944037	0.773266573	0.774576436	0.169106962	121.451832	121.48	0.023187357	0.578236994	0.582313644	0.700078126	4.993416248	4.993555916	0.002796965
147	15.7	97.7	19.9	20.1	34.7	112	29.6	34.8	2071.06089	2076.48	0.260975776	7.352317855	7.234333071	1.630900624	0.706033671	0.709789596	0.529160446	121.1849207	121.182	0.002410157	0.477143398	0.480993348	0.800416561	5.003320987	5.003321262	5.48E-06
148	34.2	101.9	3.3	17.8	15.3	93.1	25.7	22.8	1888.434909	1953.68	3.339599702	22.64557597	22.11018588	2.421463521	0.687504646	0.700741719	1.889008701	120.0465226	120.009	0.031266456	0.163313755	0.15856632	2.993974327	5.019943967	5.020039154	0.001896139
149	33.7	97.7	3.3	22.2	34.8	137.6	21.4	35	1599.780194	1567.82	2.03851171	13.62840343	13.73690766	0.789873799	0.705604077	0.707556831	0.275985458	120.1374496	120.153	0.012942187	0.082303413	0.082288404	0.018239838	5.011748585	5.01176456	0.000318741
150	21.4	92	18.1	39.5	34.9	137	16.7	15.5	2009.500576	2024.86	0.758542521	10.32560803	9.841202623	4.922217555	0.777373793	0.780745516	0.431859419	121.3037442	121.281	0.018753318	0.623949462	0.62237574	0.252857295	4.99367432	4.993672451	3.74E-05
151	15.4	91	3	16	33.6	125.8	33	22.2	2329.30894	2356.11	1.137513101	11.52137679	11.5594752	0.329585973	0.60517799	0.612470765	1.190713865	119.9355124	119.971	0.029580132	0.066578311	0.07054776	5.626611898	5.010150419	5.010200685	0.001003259
152	15.6	90.6	4.1	37.2	16	93.7	21.5	15.1	2668.319509	2748.73	2.92536885	19.54455976	19.82028906	1.391146696	0.690510783	0.704951743	2.04850333	120.0329551	120.032	0.00079574	0.204969398	0.218145912	6.040229626	5.029312974	5.029463285	0.002988612
153	15.1	94.1	7.5	39.2	34.7	132	15.2	16.7	2565.996428	2568.45	0.095527354	11.73693052	10.28846802	14.07850513	0.716632165	0.717930713	0.18087365	120.5889951	120.599	0.008296019	0.322691573	0.325795069	0.95259142	5.011743535	5.011720302	0.000463573
154	30.8	143.4	8	15.1	23.7	94	15.1	16.1	1832.568979	1849.95	0.939540034	14.7641972	14.85543627	0.614179673	0.759259679	0.753872385	0.714616191	120.4973539	120.485	0.010253456	0.371840551	0.36668928	1.404805353	5.015138727	5.015122529	0.000322994
155	33	139.1	15.8	15.7	15.9	131.3	34.6	15.6	1565.423069	1598.8	2.087623891	12.2882398	13.1608988	6.630694554	0.764243741	0.754281929	1.32070143	121.1683849	121.129	0.03251482	0.528975595	0.531371064	0.450808997	5.013841643	5.013791297	0.001004157
156	17	139.7	11.2	16.4	35	121.8	27.5	15.1	2016.876757	2041.22	1.192583034	10.58698542	10.27731018	3.013193524	0.708405217	0.703468423	0.701779069	120.7679261	120.735	0.027271382	0.333976423	0.344369088	3.017885614	5.001917783	5.001932071	0.000285652
157	32.4	137.6	3.1	16.1	15.5	96.5	35	17.4	1921.621548	1941.73	1.035594643	19.31258566	17.72491311	8.95729384	0.668602048	0.671685088	0.459000687	120.0138329	120.01	0.003193801	0.140367005	0.143455848	2.153166141	5.02051347	5.020524216	0.00021404
158	18.4	131.1	19.2	15.2	15.2	139.5	21.7	16.4	2019.600087	2026.46	0.338517058	8.221626429	7.947950478	3.443352497	0.760695754	0.75516669	0.732164783	120.9071362	120.881	0.021621433	0.607274739	0.589330944	3.044773954	5.033986951	5.033956195	0.000610976
159	15.1	90.6	19.8	39.1	27.8	129.3	25.8	15.7	2354.547416	2396.75	1.76082546	4.634512416	4.630425398	0.08826443	0.740536277	0.741397314	0.116137098	121.3418652	121.387	0.037182563	0.570493009	0.574642728	0.72213893	5.001948662	5.001929663	0.000379817
160	16.2	96.1	16.7	39.8	34.4	104	34.3	19.6	2119.946814	2122.79	0.133936271	7.445547435	7.450916087	0.072053581	0.692074136	0.688000688	0.592070317	121.3323	121.317	0.0126116	0.488124539	0.491216535	0.629456859	4.981456884	4.981470303	0.000269383
161	34.9	139	3.2	17.8	19.6	102.1	15.1	34.6	1849.320543	1875.34	1.387452794	20.92391006	20.15188948	3.831008446	0.712329179	0.711116613	0.1705157	120.008909	120.009	7.58E-05	0.139619826	0.130383744	7.083767691	5.042718866	5.042722393	6.99E-05
162	19.4	92.7	17.7	23	15.9	94.6	34.7	34.3	1830.010903	1855.2	1.357756426	11.20746184	8.400401228	33.41579209	0.753489702	0.775239571	2.805567346	121.5652519	121.532	0.027360643	0.621297204	0.619619459	0.270770207	5.024816689	5.02488041	0.001268119
163	27.8	96.5	3.1	23.8	15.3	139.4	33.2	31.6	1877.575621	1904.9	1.434425875	20.93227609	21.8845797	4.3514823	0.677227877	0.677368778	0.020801191	119.9289194	119.944	0.012573046	0.137902702	0.133979892	2.927909501	5.035923304	5.035917979	0.000105755
164	34.6	137.8	3.2	37.6	23.4	93.9	34.5	17.9	1710.546747	1694.15	0.967845032	14.1181051	14.01555356	0.7316981	0.653185158	0.654167183	0.150118357	120.0635953	120.043	0.017156567	0.108425682	0.10851648	0.083672351	4.999834499	4.999787646	0.000937094
165	34.9	95.9	9.8	38.6	17.8	93.7	15.3	35	1673.809474	1690.04	0.960363449	13.34511523	14.88821571	10.36457629	0.769585164	0.764900835	0.612409975	120.7600337	120.749	0.009137752	0.527984991	0.52687152	0.2113363	5.022525902	5.022553071	0.000540956
166	34.4	138.1	19.8	39.8	15.2	96	22	27.1	1483.623097	1480.45	0.214333259	11.53829345	12.72981902	9.360114025	0.828946644	0.8295352	0.070950048	121.6893821	121.677	0.010176229	0.710257058	0.70689564	0.475518258	5.020204084	5.02018641	0.000352059
167	34.7	131.7	14.4	15.5	35	91.5	20.8	17.7	1600.838107	1585.37	0.975678051	11.56633254	11.58756527	0.183237219	0.795193343	0.788178101	0.89005798	121.0218958	121.053	0.025694661	0.435936756	0.423615744	2.908534897	4.977111671	4.977060921	0.001019684
168	25.4	136.7	6.4	39.9	15.3	138.1	34.8	15.1	1837.42931	1848.88	0.619331136	17.15295811	16.38699919	4.674186639	0.708444403	0.721266186	1.777676989	120.3916834	120.423	0.026005528	0.324872191	0.31776768	2.235756253	5.025151352	5.02514045	0.000216935
169	33.3	143.8	19.9	15.7	34.4	136.1	24.4	15.4	1565.464338	1580.18	0.931264892	10.63423482	8.594808436	23.72858452	0.775694067	0.786568447	1.382509087	121.0657174	121.069	0.002711316	0.452522543	0.451148124	0.304649246	4.990966979	4.990933555	0.000669701
170	20.7	149.9	7.8	39.6	34.8	138.3	30	31.1	1659.987501	1651.06	0.540713315	11.18997575	11.5145597	2.818900247	0.704786961	0.699143732	0.807162938	120.5752127	120.582	0.005628766	0.27275837	0.27977976	2.50961316	5.01920558	5.019196759	0.000175737
171	15.3	113.8	7.5	16.3	35	136.2	31.9	34.4	2070.57919	2079.1	0.409831661	10.73891558	11.26494931	4.669650244	0.648635368	0.642463524	0.960652778	120.4486932	120.456	0.006065988	0.254520308	0.254987089	0.183060641	5.023685492	5.023634401	0.001017012
172	15.5	141.9	19.8	16.6	15.1	90.9	24.5	17	2176.094871	2168.65	0.343295205	7.056161651	6.659026576	5.963860792	0.75249676	0.753311969	0.108216661	121.1203576	121.115	0.004423605	0.615209063	0.620311824	0.822612174	5.02696149	5.026983925	0.000446299
173	15.3	139.9	17.4	17.8	34.7	138.9	15.1	33.5	2139.278751	2151.25	0.556478751	7.394359396	7.11747568	3.890195467	0.738613222	0.725695303	1.780074775	120.9379074	120.961	0.019090987	0.545370014	0.5570262	2.092574027	5.030610886	5.030594003	0.000335605
174	15.6	142.2	14.4	40	16.7	109	34.6	16.2	2068.754473	2103.46	1.649925698	10.27044074	9.548073633	7.565579513	0.730068918	0.736935547	0.931781398	121.3054963	121.302	0.002882296	0.564734776	0.561639744	0.551070649	5.020826197	5.02083409	0.000157193
175	34.6	143.6	3.5	39.3	25.7	135.1	20.3	16.9	1733.683741	1731.72	0.113398323	16.37311014	16.3793996	0.038398577	0.703891734	0.712079719	1.149869179	120.078349	120.071	0.006120521	0.109102907	0.117043971	6.784684875	5.017773999	5.017748894	0.00050034
176	16.4	94.9	3.2	38.6	32.2	113.9	15.1	34.7	2392.947121	2376.38	0.697157908	15.92925548	16.13997968	1.305603839	0.689472866	0.69096144	0.215435076	120.075276	120.032	0.036053721	0.096495032	0.092726784	4.063817987	5.029060081	5.029086739	0.000530086
177	30.4	99.5	3.1	17.1	27.2	135.1	34.9	15.6	1754.674004	1737.48	0.989594369	12.08380206	11.25723183	7.342570888	0.647583474	0.654259186	1.020346659	120.011302	120.008	0.002751483	0.07422287	0.081165192	8.553324615	4.999661348	4.999637418	0.000478625
178	25.7	147.2	3.5	39.3	15.7	92.2	19.7	34.7	1971.899387	2008.02	1.798817395	20.73484605	21.38993583	3.062607462	0.726166611	0.722707801	0.478590397	119.989477	119.965	0.020403493	0.174276773	0.189774247	8.166268358	5.049896394	5.049889896	0.000128679
179	20.1	141.3	3	15.2	15	105.2	27	34.2	2110.349416	2165.68	2.554882731	21.58261582	22.03328105	2.045384117	0.698385693	0.688809609	1.390236782	119.9130859	119.882	0.025930387	0.146358099	0.14265	2.599438666	5.055804167	5.055780089	0.000476247
180	34.7	91	19.7	32.3	16.2	138.9	34.8	19.6	1502.84145	1493.52	0.624126207	9.398399235	9.18224518	2.354043597	0.787713939	0.791018451	0.417754062	121.6545106	121.643	0.009462647	0.627952818	0.62217842	0.928093472	4.996231765	4.996161045	0.001415477
181	34.9	138	19.1	39.1	33.5	92	22.9	34.2	1386.17926	1388.46	0.164264021	8.85690714	10.72855057	17.44544539	0.830663283	0.825696712	0.601500696	121.5917575	121.637	0.037194685	0.584905971	0.579055464	1.010353437	4.988357713	4.988338948	0.000376194
182	35	92.1	11.5	15.1	17.5	111.4	15.5	15.5	1805.204643	1850.56	2.450899	15.22215328	15.06077173	1.071535728	0.756023797	0.755127602	0.118681333	120.6430048	120.626	0.01409712	0.520847819	0.520266212	0.111790261	5.009121735	5.009078333	0.000866456
183	15.2	146.5	17.8	15.9	34.9	95.6	34	30.2	1927.829809	1951.42	1.208873078	7.817700263	8.49604888	7.984283363	0.669555129	0.664205038	0.80548783	121.0231514	121.003	0.016653666	0.424830122	0.429823008	1.161614348	4.996968121	4.996988538	0.000408588
184	24.6	132.6	3.9	40	34.8	93.1	16	16.1	1951.12127	1950.67	0.023134123	14.905724	15.08692414	1.201040952	0.725867395	0.72510514	0.10512341	120.1972615	120.193	0.003545523	0.141600662	0.13282776	6.604720253	4.994391135	4.994351101	0.000801589
185	16.9	139.1	19.9	39.9	34.3	93.6	27.1	17.4	1943.244911	1964.47	1.080448621	5.765990675	4.916560773	17.27691248	0.751641282	0.742328064	1.254596033	121.5018535	121.513	0.009173091	0.555109992	0.55614132	0.185443517	4.98240832	4.982380627	0.000555835
186	33.7	147.8	10	15	34.3	100	26.9	34.9	1419.497733	1414.75	0.335588156	11.21361037	11.23779025	0.215165855	0.755840187	0.755302386	0.071203335	120.7943325	120.812	0.014623941	0.335524297	0.333822	0.509941399	5.003164691	5.003196742	0.000640621
187	22.7	96.3	19.9	15.3	15.3	94.4	17.8	15	1996.838192	2025	1.390706545	13.28543551	9.434613617	40.81589401	0.767016295	0.759629275	0.972450592	120.9045824	120.842	0.051788644	0.657922498	0.651011784	1.061534455	5.016102873	5.016132121	0.00058309
188	34.5	146.1	13.4	39	19	130.1	34.3	34	1365.277123	1384.61	1.396268802	11.72622042	12.20266414	3.904423767	0.76591015	0.766883081	0.126868208	121.2528918	121.275	0.018229799	0.52526597	0.51183444	2.624194255	5.025400396	5.025397833	5.10E-05
189	26.7	90	7	38.7	34.6	91	32.8	34.7	1603.415124	1597.41	0.375928784	10.74947458	11.35814018	5.358849219	0.69798697	0.701179709	0.455338239	120.5963424	120.59	0.005259473	0.267272894	0.26271504	1.734904017	4.984592047	4.984477516	0.002297754
190	33	142.7	20	37.9	22.2	120.2	15.1	34.9	1560.35711	1570.85	0.667975273	20.34031895	21.61607158	5.90187084	0.80517689	0.803131326	0.254698502	121.2787926	121.308	0.024077063	0.727806133	0.7203432	1.036024674	5.027739924	5.027734027	0.000117289
191	34.8	92.1	9.1	15.8	15	137	20.9	35	1636.309495	1619.22	1.055415291	15.80710305	14.25980493	10.8507664	0.746884239	0.751800292	0.653904168	120.6837961	120.702	0.015081663	0.470655881	0.4653285	1.144864592	5.034368384	5.034370184	3.58E-05
192	16.9	101	12.6	15.4	15.1	94.8	34.2	16.8	2215.558858	2214.73	0.03742478	12.66998918	14.64161821	13.46592293	0.723114682	0.713870812	1.294893947	120.978933	120.983	0.003361636	0.518469688	0.520764913	0.440741131	5.020322715	5.0203107	0.00023934
193	15.6	91.5	19.9	37.1	16	99.9	30.6	15.2	2335.025821	2332.36	0.114297168	7.045806164	7.384177792	4.582387342	0.762294765	0.765235196	0.384251913	121.6383323	121.627	0.009317243	0.653330411	0.65453886	0.184625978	5.01105448	5.011005691	0.000973639
194	15.1	91.9	3.1	36.4	23	136.2	15.7	20.4	2668.509234	2678.03	0.355513778	19.16738012	18.25510736	4.997356319	0.692651567	0.702774865	1.440475322	119.9436482	119.949	0.004461693	0.101121392	0.10147974	0.353123095	5.037835007	5.037846286	0.000223872
195	34.5	136.4	13.4	19.2	15.2	101.1	26.9	15.1	1641.772995	1648.4	0.402026534	12.20809857	13.08244603	6.683363805	0.774197749	0.7784224	0.54271966	121.125513	121.121	0.003726	0.546882305	0.540969792	1.092947016	5.01446733	5.014455252	0.000240867
196	15	91.1	3.3	34.7	34.8	92.3	21.6	34.2	2371.341637	2431.81	2.486557892	13.36419702	12.96491974	3.079674126	0.661724809	0.666450592	0.709097317	120.0717104	120.06	0.009753811	0.094510429	0.092493324	2.180811786	5.01083778	5.010876522	0.000773159
197	18.2	147.5	3.4	39.7	34.9	93.2	31.7	22	1918.681602	1916.38	0.120101529	11.90342395	11.73689854	1.418819496	0.633645972	0.628747388	0.779102227	120.0656705	120.071	0.004438665	0.096060088	0.090611088	6.013612856	4.996277263	4.996209071	0.001364887
198	35	92.1	18	15.7	26	123	33.9	34.7	1368.410132	1393.93	1.830785486	10.01563994	10.39525364	3.651798368	0.750841968	0.746957224	0.520075856	121.1628066	121.173	0.008412264	0.477339234	0.477522	0.038273867	4.996621522	4.996597428	0.000482207
199	15.1	105.9	15	35.6	21.7	97.2	15.1	34.7	2327.454363	2320.89	0.282838191	11.75491961	15.65409602	24.90834608	0.744165613	0.739282755	0.66048583	121.0507668	121.067	0.013408432	0.646204515	0.646758	0.085578324	5.036415905	5.03636246	0.001061183
200	34.8	90.5	4	39.9	24.3	136.7	28.3	15.4	1725.308902	1723.09	0.128774567	16.70761385	15.9150033	4.980272647	0.682157685	0.681124221	0.151729156	120.118979	120.122	0.00251492	0.138055813	0.13850256	0.32255523	4.996374403	4.996290012	0.001689066
201	15.1	98	10.1	39.2	15	124.3	27.1	17	2403.680922	2439.62	1.47314247	14.25332127	14.98662528	4.893056298	0.7278217	0.720143143	1.066254284	120.8245972	120.857	0.02681084	0.486035824	0.49484748	1.780681113	5.031323945	5.031327261	6.59E-05
202	34.2	107.6	17.1	15.2	15.1	107.1	15.1	33.3	1619.385687	1641.08	1.321953394	17.80718403	16.20142577	9.911215732	0.774928229	0.779069711	0.531593328	120.9770493	120.971	0.005000588	0.676515265	0.68512176	1.256199304	5.031428032	5.031459477	0.000624967
203	15.6	139.6	10	15.1	21.2	128.8	17.5	34.5	2151.819761	2132.75	0.894139525	9.140314249	8.720842079	4.809996179	0.732904526	0.738770311	0.793993087	120.6056829	120.593	0.010517119	0.444811811	0.4430436	0.39910539	5.054412513	5.054408775	7.40E-05
204	33.6	144.7	19.8	16.9	15.3	139.4	28.3	34.6	1412.250727	1400.2	0.860643278	10.56427094	8.978644233	17.65997926	0.79597356	0.800383828	0.551019122	121.4398522	121.47	0.024819169	0.618649952	0.627064416	1.341881936	5.035705006	5.035728778	0.000472071
205	34.3	135.6	3	15.4	21.1	139.3	29.3	16.5	1756.19379	1740.58	0.897045252	18.62246322	17.62674125	5.648928245	0.67144994	0.669212875	0.334283002	119.9791876	119.962	0.014327534	0.087979679	0.09462096	7.018826355	5.021105017	5.02111233	0.000145646
206	16.4	109.1	3.4	15.2	29.3	99.8	22.3	34.5	2208.202123	2183.86	1.114637543	14.39723136	14.15807684	1.689173785	0.684349735	0.68522219	0.127324444	120.0284328	120.05	0.017965167	0.104279942	0.10362996	0.627214507	5.029295307	5.029307944	0.00025126
207	35	99.2	3.3	38.8	35	114.1	33.4	34.2	1486.593467	1487.12	0.035406249	11.59803859	11.82821903	1.946027869	0.643638483	0.643669293	0.004786651	120.1634842	120.162	0.001235134	0.083457472	0.081716184	2.130897128	4.99000822	4.990110275	0.002045143
208	23.7	91.2	7.6	15.5	15.1	135.2	16.1	15.8	2141.964568	2146.84	0.227098046	13.14341315	13.55632958	3.045930892	0.745264909	0.747706374	0.326527272	120.3383625	120.351	0.010500505	0.412156038	0.41762999	1.310718173	5.033738666	5.033701929	0.000729833
209	29.7	116.7	12.3	39.9	15.1	95.2	30.9	34.9	1525.505933	1526.61	0.072321464	14.45527162	14.42390004	0.217497188	0.788251105	0.785268852	0.379774796	121.3145813	121.309	0.004600855	0.556089547	0.557113248	0.18375097	5.026566588	5.026575384	0.000174989
210	23	144.2	19.5	37.5	16.1	91.9	15.1	34.2	1731.032449	1764.79	1.912836706	26.70511299	30.05755928	11.15342153	0.791560242	0.798692689	0.893015153	121.3864566	121.377	0.007791081	0.765530181	0.750163434	2.048453233	5.039944466	5.039932852	0.000230438
211	35	93.2	19.9	15.2	22.3	100.1	21.3	17	1635.653654	1644.4	0.531886788	8.912612584	11.53690075	22.74690772	0.780547753	0.768452028	1.574037753	120.9761186	120.965	0.009191609	0.559409885	0.544385196	2.75993704	4.987772517	4.987781759	0.00018529
212	34.6	97.5	12.2	15.2	33.2	96.1	34.8	18.2	1529.316898	1526.82	0.163535869	8.563119238	8.73217112	1.935966206	0.718877334	0.720104318	0.17038972	120.9130631	120.89	0.019077791	0.354545964	0.357052032	0.701877538	4.965022774	4.96508409	0.001234947
213	15.2	93.4	17.7	15.3	34.2	135	22.2	18.1	2382.338441	2368.37	0.589791333	6.519826882	7.719913075	15.54533297	0.719071121	0.720130913	0.147166585	120.9376489	120.945	0.00607803	0.444989952	0.448880763	0.866780426	5.004383473	5.004381261	4.42E-05
214	34.7	91.1	3.1	17.9	22.5	100.5	15.5	15.3	2020.002843	1996.5	1.177202237	19.18930877	18.99971831	0.997859299	0.710046472	0.718430593	1.16700506	120.0371626	120.022	0.012633172	0.113236676	0.111134256	1.891783826	5.003649869	5.003635631	0.000284555
215	34.4	95.9	20	38.5	22	91.5	34	33.8	1374.09896	1388.35	1.026473165	8.002757681	7.450100576	7.41811603	0.801822686	0.805236601	0.423964264	121.7124178	121.735	0.018550286	0.606986397	0.606528	0.07557717	4.990496796	4.990498064	2.54E-05
216	24.4	149.9	16.2	16.1	32	105.8	15.1	15.7	1848.264993	1875.62	1.458451426	10.29493463	12.39269007	16.92736145	0.765277419	0.775610009	1.332188878	120.9105652	120.89	0.017011463	0.522739899	0.52660044	0.733106263	5.002081084	5.002076081	0.000100022
217	15.6	135.3	3.2	15.1	15.1	101.6	34.8	16	2477.472357	2508.79	1.248316641	16.31058516	17.66452971	7.66476418	0.645649637	0.65530271	1.473070756	119.9000681	119.895	0.00422712	0.153572867	0.149023104	3.053058923	5.034629263	5.034632722	6.87E-05
218	34.8	148.2	3	34.3	15.6	99	33.2	35	1771.991891	1803.42	1.74269494	21.62914137	21.94064393	1.419751233	0.664225438	0.658418632	0.881932194	120.0090178	119.995	0.011681988	0.140698057	0.1365948	3.003963028	5.036820507	5.03680209	0.000365649
219	15.4	140.5	3.8	30.3	15.2	91.9	15	34.9	2571.435096	2597.44	1.001174371	21.17002655	20.57084787	2.912756352	0.706198443	0.712501307	0.884610805	119.9489543	119.956	0.005873566	0.210406917	0.220312752	4.496260298	5.062466932	5.06252926	0.001231151
220	22	111.5	10.5	15.2	34.9	91.8	15.5	16.6	2006.317864	2006.54	0.01107062	12.29235422	11.426368	7.578840599	0.760552687	0.758314917	0.295097644	120.778879	120.782	0.002583991	0.398018365	0.404455894	1.591651676	4.990875921	4.990885148	0.000184878
221	27.7	149.6	13.6	40	16.3	101.5	15.8	15.5	1816.401239	1822.11	0.313304961	14.70746154	17.41086447	15.52710343	0.788868996	0.792177891	0.417695939	121.0348562	121.068	0.027376221	0.641297247	0.646952435	0.87412732	5.025618593	5.025568171	0.0010033
222	34.2	139	14.2	39.8	34.9	130.8	15.8	33.7	1531.856481	1540.51	0.561730793	13.20083154	14.54249174	9.225793121	0.814175794	0.819412664	0.63910042	121.2652401	121.274	0.007223243	0.554032727	0.554841144	0.14570245	5.011478721	5.011462941	0.000314886
223	24.4	148.5	19.8	32	15.4	110.8	34.3	15.2	1680.259634	1674.36	0.352351592	8.892962668	9.317783232	4.559244969	0.796130123	0.807904462	1.457392477	121.6533281	121.69	0.030135482	0.64222359	0.642456144	0.036197635	5.013536969	5.013531247	0.00011413
224	27.3	139.3	3	15.4	34.4	135.1	35	34.6	1549.707299	1542.76	0.450316262	9.840170719	9.028148011	8.994344213	0.63639378	0.64989472	2.07740426	120.0380623	120.061	0.019105008	0.067015745	0.0688212	2.623399457	5.019564575	5.019548189	0.000326445
225	21.1	94.5	6.6	17	34.8	135.7	34.7	15	1943.384082	1943.43	0.002362733	9.132541025	8.915789186	2.431100984	0.657989737	0.652448098	0.849360982	120.3868948	120.388	0.00091801	0.217035117	0.217841735	0.370276981	4.994172405	4.994171735	1.34E-05
226	15.1	144.9	6.9	38.7	26.1	91.2	27.5	35	2063.071356	2094.76	1.512757756	12.97760439	12.92963379	0.371012831	0.689268212	0.696477916	1.035166198	120.484386	120.486	0.001339603	0.298871762	0.304689096	1.90926872	5.027779916	5.027782494	5.13E-05
227	21.6	90.8	3.1	39.4	30.4	103.7	22.5	15.3	2076.1716	2094.22	0.861819696	13.93450394	13.91849014	0.115054181	0.695963632	0.698200512	0.320377857	120.0183796	120.024	0.004682747	0.082428637	0.087682632	5.992059345	4.997381628	4.997413522	0.000638209
228	34.5	149.9	6.2	35.1	15.4	91.3	29	17.1	1772.783459	1756.02	0.954628006	20.15144813	19.87621724	1.384724709	0.718415455	0.722593857	0.578250335	120.5041992	120.524	0.016428933	0.340805449	0.345418368	1.335458504	5.019155619	5.019166461	0.000216022
229	15	91.2	19.9	15.9	27.5	122.8	18.7	33.8	2337.494022	2341.48	0.170233289	6.27256581	6.717631405	6.625335158	0.727858589	0.72906852	0.165955817	120.9367227	120.93	0.005559164	0.564573376	0.560124504	0.79426485	5.026628199	5.026639507	0.000224971
230	34.1	149.7	5.1	27.5	34.8	90	16	15.3	1797.15504	1798.24	0.060334541	15.86924457	14.76958964	7.445399337	0.745750033	0.748004131	0.301348302	120.4025903	120.413	0.008645026	0.199296482	0.193121496	3.197461593	4.988853072	4.988724914	0.002568951
231	15.5	96.8	11.2	40	34.8	129.9	27.9	34.4	2133.468004	2141.85	0.391343742	9.402691637	9.743009877	3.49294771	0.701394177	0.710248404	1.24663807	120.9295312	120.922	0.006228135	0.390806396	0.38869152	0.544101467	5.015214021	5.01518837	0.000511468
232	15.1	134.1	5.4	36.6	15.6	95.8	34.9	34.3	2285.085816	2290.54	0.238117836	14.88378357	15.16953043	1.883689519	0.664949021	0.665895211	0.142093018	120.2867083	120.289	0.001905188	0.295157273	0.288955512	2.146268417	5.044885896	5.044873749	0.00024079
233	15.1	108	14	15.4	15.2	104.4	22.4	33.7	2240.374547	2231.21	0.410743342	7.52905702	7.694075911	2.144752575	0.741159375	0.74224355	0.146067231	121.0148988	121.04	0.020737933	0.574654519	0.58216032	1.289301344	5.048615245	5.048600347	0.000295103
234	27.5	103.2	8	39.3	35	92.1	16.9	34	1703.3165	1697.15	0.363344453	12.46478178	12.64136311	1.396853547	0.773583603	0.775222367	0.211392785	120.772798	120.762	0.008941532	0.344668518	0.34111776	1.040918651	4.997105839	4.997144819	0.000780046
235	28.2	120.5	14.5	39.4	34.7	134.8	35	34.9	1432.157681	1431.5	0.045943515	7.526078175	7.183872057	4.763533021	0.746619616	0.73920885	1.002526654	121.2161638	121.215	0.000960122	0.438281363	0.446045574	1.740676772	5.001055866	5.001072367	0.000329949
236	15.4	147.9	16.5	16.8	29.5	97.4	34	15.3	2103.705744	2105.58	0.089013767	9.387040935	9.353232179	0.361466019	0.676421762	0.693505645	2.463409377	120.9443243	120.958	0.011306144	0.430992833	0.44376447	2.878021682	4.995274892	4.995265541	0.0001872
237	16.2	144.2	4.5	38.9	15.1	138.9	26.3	17.4	2319.15222	2318.66	0.021228625	20.72132646	20.96203587	1.148311215	0.693442972	0.685794741	1.115236178	120.0525728	120.024	0.023805912	0.230170239	0.235684696	2.339760435	5.04402852	5.044033687	0.000102438
238	20.2	141.1	20	16.9	21.9	134.6	34.5	34.9	1642.534141	1632.28	0.628209674	9.04928424	8.967911777	0.90737359	0.73838869	0.739638479	0.168973021	121.2096659	121.215	0.004400563	0.532170381	0.5320752	0.017888717	5.030257825	5.030271834	0.000278487
239	23.1	90.8	19.9	36.2	30.2	134.7	15.2	34.7	1826.59227	1839.06	0.677940362	14.95888317	14.80093342	1.067160724	0.781933271	0.779602071	0.299024357	121.2611771	121.258	0.002620135	0.678436868	0.683042028	0.674213271	5.016047752	5.01604228	0.000109091
240	34.6	139.5	7.1	16.4	15.7	135.5	34	15.8	1711.074527	1694.09	1.002575246	18.10398292	18.85272353	3.971524943	0.70248357	0.703636715	0.163883598	120.5531514	120.543	0.008421361	0.346897821	0.34704942	0.043682247	5.021547487	5.021546172	2.62E-05
241	34.9	92.7	19.4	18	34.8	90.9	21	30.6	1488.023238	1477.67	0.700646141	11.86261011	11.36914482	4.340390562	0.795514932	0.796365966	0.106864729	121.2401047	121.261	0.017231706	0.519415839	0.506682216	2.513137904	4.972201325	4.972129661	0.001441327
242	32.6	97	19.6	37.9	34.8	90.9	34.7	16.1	1536.530902	1533.92	0.170211119	6.738954808	6.514567407	3.444394499	0.773861856	0.779072567	0.668835094	121.5850475	121.586	0.000783374	0.519425229	0.522664189	0.619701999	4.949569983	4.949543216	0.000540793
243	19.9	91.7	15.4	19.8	35	91.1	19.3	34.1	1905.840283	1908.72	0.150871623	7.360273902	6.848789961	7.468238094	0.76167512	0.761097481	0.075895566	121.1300049	121.134	0.0032981	0.497361903	0.486563616	2.2192961	4.997426719	4.997398856	0.000557538
244	33.5	100.5	15.4	39.9	32.4	91.6	24.8	15.6	1590.943838	1597.35	0.401049366	8.718641487	8.29392546	5.120808342	0.809554922	0.808802261	0.093058718	121.4014539	121.399	0.002021343	0.51510527	0.507102288	1.578179128	4.965023555	4.965033115	0.000192538
245	34.5	91	7.3	15.5	28.1	90.1	21.5	16.3	1712.307428	1712.76	0.026423559	13.59838575	13.18183845	3.160009159	0.745501259	0.757340435	1.563256909	120.550496	120.555	0.003736019	0.295896104	0.287808924	2.809912817	4.982245061	4.982145261	0.002003153
246	34.7	146.5	3	36.2	30.8	139.4	22.9	33.5	1549.953387	1531.56	1.200957651	14.51874625	14.10939092	2.901296931	0.693495007	0.698165335	0.668942853	120.0530685	120.063	0.008271919	0.068437043	0.07465824	8.33290105	5.026598583	5.026606948	0.000166416
247	34.9	149.2	3.2	20.8	34.2	94.8	32.6	18.5	1587.59651	1579.07	0.53997035	11.73769208	12.07159319	2.766006985	0.657013743	0.653508412	0.536386594	120.135502	120.126	0.007910037	0.086315645	0.080522496	7.19444763	4.985475304	4.985494235	0.00037972
248	15.1	101.3	14.4	39.8	30.3	102.1	17.3	16.2	2437.801271	2429.56	0.33920838	7.873803879	6.656670792	18.28441161	0.741590455	0.747614284	0.805740234	121.1251897	121.187	0.051004044	0.563563971	0.552958272	1.917992563	5.001577725	5.001538577	0.000782727
249	16	133.7	19.8	39.9	34.8	135.7	21	25.6	1998.873593	2008.93	0.500585225	7.73061865	4.464928735	73.14091912	0.755879218	0.750142935	0.764692014	121.3658694	121.417	0.042111553	0.592482478	0.590832792	0.279213685	5.010946377	5.010928153	0.000363689
250	34.8	119.5	7.2	38.9	15.2	110.3	15.5	15.1	1929.320185	1921.69	0.397055983	16.25146676	15.86549746	2.432758904	0.740071405	0.736973263	0.420387299	120.4230249	120.414	0.007494866	0.420955451	0.417215232	0.89647234	5.022123003	5.022128485	0.00010915
251	16.5	94.9	10.5	18.4	31.1	91.2	34.8	34.8	2064.517338	2057.31	0.35032823	8.010135247	8.114986374	1.29206782	0.663887806	0.675445547	1.711128417	120.7579535	120.777	0.01577	0.366465714	0.370126979	0.989191573	5.004072665	5.00406492	0.000154775
252	15	143.8	10.6	15.7	17.4	96.7	15.2	19.3	2367.658208	2386.35	0.783279576	8.643165477	7.341969236	17.72271443	0.728774147	0.729643301	0.11912046	120.5558693	120.566	0.008402618	0.512613496	0.515078949	0.478655357	5.041339971	5.041336519	6.85E-05
253	15.5	91.5	3.1	36.5	28	122.4	32.9	15.1	2461.994104	2473.33	0.458325262	12.53725115	13.03554318	3.822564366	0.622980882	0.63162212	1.368102521	119.9262618	119.936	0.008119521	0.079865236	0.085093512	6.144153719	5.008344794	5.008353439	0.000172609
254	15.2	124.6	4.9	38.9	32.8	139.4	34.8	34.2	2068.226087	2074.51	0.302910701	9.599327678	8.916925904	7.652881508	0.614282452	0.608630104	0.928699996	120.1891479	120.178	0.009276159	0.160684086	0.16100616	0.200038238	5.025895815	5.025887734	0.000160771
255	27.3	149.2	14.2	38.2	26.5	112.1	34.7	16.3	1585.224576	1589.86	0.291561792	8.728141657	8.501867826	2.661460232	0.758028549	0.765637368	0.993788877	121.2046416	121.208	0.002770749	0.476573405	0.476186208	0.081312178	4.996764662	4.996751403	0.000265346
256	30	91.7	3.1	19.4	15.1	104.5	15.5	34.6	2106.303741	2144.92	1.800358944	22.49171406	22.97881214	2.11977049	0.719786287	0.710119083	1.361349663	119.9024553	119.89	0.010388912	0.16120879	0.152075088	6.006047733	5.042750842	5.042717923	0.000652804
257	16.1	129.1	3.1	22.8	34.7	139.8	23.7	15.4	2222.362512	2229.24	0.308512686	12.83313661	12.46837711	2.925476916	0.66196383	0.656064486	0.89920183	119.989839	120.006	0.013466822	0.074945153	0.074030976	1.234857298	5.017064442	5.01707025	0.000115771
258	16.2	143.4	19.9	39.9	17.9	137	22.1	34.5	1926.475118	1928.26	0.092564377	10.21253822	7.391557244	38.16490734	0.775756495	0.761904625	1.818058293	121.4130497	121.419	0.004900606	0.665978168	0.665406648	0.085890275	5.045383452	5.045384007	1.10E-05
259	33.4	129.1	17.4	15	34.5	129.6	28.3	34.9	1379.677283	1391.44	0.845362875	9.240488045	9.21534992	0.272785361	0.770596388	0.770013352	0.07571768	121.1012981	121.074	0.022546635	0.424827619	0.41763132	1.723122438	5.003066727	5.003070496	7.53E-05
260	17	148.7	3	27.8	22.5	134.3	20.5	33.6	2140.350545	2106.52	1.605992119	18.08855439	16.96286087	6.636224472	0.697435165	0.700344223	0.415375421	119.9335046	119.914	0.016265474	0.098012826	0.09891972	0.916797983	5.054515616	5.054519984	8.64E-05
261	15.4	149.3	10.7	16.3	21.6	137.9	35	33.4	1984.437268	1971.75	0.643452157	10.52788829	9.739637794	8.093221886	0.682662579	0.693774738	1.601695585	120.7321012	120.725	0.005882166	0.410738565	0.41120084	0.112420632	5.042302212	5.042312955	0.000213057
262	20.3	149.4	3.3	39.8	34.8	131.7	34.4	15.2	1876.402237	1866.49	0.531062955	9.678168108	10.09384297	4.118103123	0.622894749	0.619383718	0.566858865	120.0290412	120.051	0.01829123	0.079801501	0.078044076	2.251836304	5.002779126	5.002762789	0.000326553
263	34.9	129.3	3	39.6	15.4	93.6	18.1	16.1	2076.663173	2096.15	0.92964848	22.66533274	23.1507721	2.096860317	0.699299364	0.689070245	1.484481333	119.9216677	119.918	0.003058518	0.139954301	0.14354928	2.504352047	5.023455399	5.023448318	0.000140953
264	24.1	90.5	19.9	28.2	34.3	135.8	34.9	34.3	1578.394328	1586.71	0.524082666	6.88337479	6.956134259	1.045975637	0.730579453	0.733902437	0.45278287	121.3435852	121.348	0.003638141	0.489153176	0.49245336	0.670151528	4.995335547	4.995375695	0.000803699
265	22.1	144.9	7.5	15.1	34.2	139.7	21.6	15.1	1852.469223	1857.52	0.271909683	12.84077391	11.95825853	7.379965672	0.735503776	0.734802898	0.095383167	120.4917403	120.485	0.005594341	0.258644794	0.266218731	2.845005041	5.013625839	5.013635719	0.00019707
266	24.1	100.4	19.9	26.7	15.7	138.6	17.8	33.5	1752.250714	1737.66	0.839676025	17.20666686	14.72224767	16.87527099	0.786371	0.788059422	0.214250545	121.2769146	121.26	0.013949068	0.710478213	0.711948768	0.206553518	5.038564625	5.038586815	0.000440406
267	15.1	144.7	3.1	15.3	34	95.5	19	34.5	2206.164704	2207.94	0.080405075	14.55481743	14.23890603	2.218649367	0.675095336	0.670021227	0.757305622	120.024331	120.024	0.000275788	0.079698666	0.085925304	7.246570268	5.026257878	5.026300519	0.000848348
268	35	147.8	19.9	33.9	18.5	128.4	32.1	15.6	1516.532693	1516.4	0.008750521	9.226302457	9.478307661	2.658757374	0.800003372	0.793701104	0.794035493	121.5965277	121.597	0.000388398	0.6143844	0.608464788	0.972876736	5.005168391	5.00516264	0.000114892
269	33.4	145.1	3.3	39.9	23.4	129.7	35	34.8	1564.726364	1545.29	1.257780967	13.73845061	12.41521919	10.65813982	0.649594086	0.658525847	1.35632652	120.0115713	120.035	0.019518223	0.103230015	0.102762	0.455436284	5.02776786	5.027774433	0.00013074
270	33.5	149.9	12.5	39.7	25.4	139.2	16.3	32.5	1542.534157	1549.37	0.441201483	14.69128638	13.66919826	7.477308457	0.793256007	0.795090781	0.230762831	120.9818442	120.995	0.010873042	0.532270732	0.538564006	1.168528639	5.03136924	5.031373042	7.56E-05
271	33.6	149.4	14	39.5	34.7	130.6	33.9	15.3	1502.41244	1506.83	0.293169121	8.403492149	9.293942497	9.580975442	0.755893836	0.755954466	0.008020348	121.1885995	121.196	0.006106202	0.428606941	0.43034208	0.403199927	4.984145513	4.98413218	0.000267508
272	22.5	147	19.8	31.3	34.6	90.1	15.3	19.3	1833.401943	1833.46	0.003166509	12.68108322	11.37893993	11.44344989	0.78173011	0.78829996	0.833420047	121.2697696	121.253	0.01383028	0.660312521	0.657382176	0.445759695	4.988406785	4.988354073	0.001056701
273	15.6	144.3	7	39.7	15.1	104.4	20.5	34	2253.623784	2224.71	1.299665302	14.35720885	15.9253564	9.846860055	0.724872641	0.726404221	0.21084411	120.414569	120.421	0.005340413	0.400913928	0.4007976	0.029024152	5.056649975	5.056633009	0.000335527
274	34.9	148.6	10.6	15.1	21	133.6	25.6	15.3	1596.960328	1622.83	1.594108586	13.83422153	13.87917545	0.323894766	0.750417762	0.74573986	0.627283416	120.7329246	120.692	0.033908303	0.402570582	0.404763439	0.5417626	5.017784851	5.017785418	1.13E-05
275	35	93	3	25.4	26.1	101.5	28	32.5	1611.868811	1623.88	0.739659879	14.98796588	15.2119495	1.472418863	0.677335128	0.671140454	0.923007128	120.0694877	120.041	0.023731648	0.08587657	0.09279252	7.453133189	5.00379723	5.003769876	0.000546659
276	19.1	123.2	3.3	16.1	15.1	138	15.4	34.7	2350.046957	2336.46	0.581518919	22.06156218	22.18794988	0.569623144	0.716941248	0.706143574	1.529104583	119.8615126	119.885	0.019591586	0.166092707	0.154280016	7.656656453	5.06766715	5.067660436	0.000132486
277	29.1	100.5	4.1	39.7	29.5	138.2	15.1	16.1	1907.697192	1940.31	1.680804015	16.23774619	16.23294576	0.02957212	0.735167137	0.731331389	0.52448843	120.1734643	120.16	0.011205308	0.146268427	0.140745948	3.923721665	5.00924971	5.009261104	0.000227473
278	34.9	92.3	19.8	38.2	27.2	137.5	15	22.6	1651.300056	1650.58	0.043624419	17.22521357	16.19720727	6.346812023	0.7964674	0.803094885	0.825243086	121.2589989	121.283	0.019789349	0.694537953	0.695243736	0.101515965	4.995854459	4.995895549	0.000822477
279	15.4	109.7	17.3	37.5	15	94.9	29.6	34.4	2098.670708	2095.35	0.158479849	7.755846962	8.38359139	7.487774616	0.764466913	0.770044996	0.724384064	121.6204125	121.59	0.025012309	0.652849528	0.642953808	1.539102845	5.036183256	5.036170257	0.000258116
280	33.7	94.2	12.7	40	15	139.2	20.4	17	1696.100252	1692.96	0.185488859	11.42373169	10.34859795	10.38917296	0.782015845	0.784118382	0.268140264	121.0674684	121.045	0.018562039	0.581706651	0.583116891	0.241845058	5.013275665	5.013269893	0.000115143
281	15	95	19.9	17.8	34.7	98	33.7	15.3	2343.401519	2364.64	0.898169737	8.19349518	7.941873999	3.168284727	0.669403551	0.672499269	0.460330391	121.0775471	121.07	0.006233696	0.447431902	0.4497798	0.522010589	4.976242554	4.976246519	7.97E-05
282	27.1	148.8	8.1	15.3	15.4	120	28.8	34.8	1654.535507	1637.66	1.03046464	18.28212226	18.05746928	1.244100042	0.744690133	0.748167029	0.464721878	120.6745444	120.666	0.007081045	0.420058833	0.414066168	1.447272274	5.048450723	5.048440081	0.0002108
283	34.8	90.8	7.9	16.1	28.8	135.4	15.6	33.4	1632.750736	1641.75	0.548150703	15.33417536	16.0630574	4.537629525	0.760619651	0.758130961	0.328266432	120.5838243	120.559	0.020590962	0.330853837	0.331257744	0.121931428	5.015914312	5.015865826	0.000966648
284	15.1	145.4	10.6	38.1	34.3	93.8	22.8	32	2037.194771	2050.84	0.665348289	8.817853296	8.906591253	0.996317835	0.725522185	0.722937086	0.357582886	120.93349	120.933	0.000405173	0.4053597	0.413029242	1.856900558	5.009835089	5.009849934	0.000296322
285	15.3	95	19.9	35.2	21.1	133.7	19.1	15.3	2444.805339	2425.48	0.796763483	10.53353981	8.063694297	30.62920568	0.744080214	0.745643138	0.209607453	121.2021745	121.212	0.008106046	0.658773172	0.658937556	0.024946881	5.018976616	5.018959058	0.000349837
286	15.3	95.3	19.9	16.3	15.6	138.9	26.4	30	2208.135096	2225.93	0.799436816	6.750739001	7.647739572	11.72896334	0.745022611	0.739027606	0.811201809	121.1909231	121.221	0.024811632	0.609463688	0.612787068	0.54233854	5.039797529	5.039833737	0.000718424
287	15.1	99.9	9.3	39.8	15.6	90.7	34.8	33.7	2280.432716	2298.47	0.784751763	12.87294055	12.5505502	2.568734827	0.699191296	0.696534439	0.381439436	120.8636468	120.881	0.014355568	0.464483864	0.467262504	0.594663547	5.03492535	5.03492916	7.57E-05
288	29.1	95.3	3.4	28.4	15.1	137	27	15.2	2031.415261	2033.17	0.086305562	22.30093119	22.33881406	0.169583168	0.697765311	0.692921404	0.69905568	119.951131	119.972	0.017394897	0.157487728	0.149273736	5.502637364	5.021920308	5.021904852	0.000307772
289	24.3	93.8	19.5	26.4	34.9	98.7	24.6	15.7	1794.600879	1802.79	0.454247068	6.179954652	5.939924636	4.040960646	0.780141467	0.791390866	1.421471865	121.3596459	121.331	0.023609689	0.520581217	0.525937406	1.018408191	4.970902332	4.97091229	0.000200313
290	18.6	90.8	3	15.1	17.1	138.6	22.4	15.3	2441.18118	2432.1	0.373388421	21.4299436	20.32690351	5.426503308	0.695734756	0.697412385	0.240550529	119.8526337	119.856	0.002808616	0.117445745	0.11764764	0.171609501	5.03629584	5.036313674	0.00035411
291	23.9	142.9	11.3	32.9	35	91	34.7	32.1	1527.3333	1532	0.304614889	7.677945238	7.865782601	2.388031451	0.714111854	0.718392854	0.595913419	120.9771225	120.992	0.012296234	0.390977967	0.383129664	2.048471828	4.991543512	4.991523329	0.000404344
292	20.4	98	15.1	39.7	15.2	137.8	26.3	34.8	1812.05849	1818.23	0.339424056	7.989895605	8.97452689	10.97140046	0.78317339	0.786155117	0.379279663	121.3197781	121.318	0.00146564	0.598421214	0.603479352	0.83816261	5.040093244	5.0400798	0.000266737
293	34.6	92.3	10.3	39.5	35	90.4	26.6	34.8	1447.521888	1444.67	0.197407607	10.37328222	10.18973229	1.801322449	0.77238884	0.775701864	0.427100242	121.0235181	121.039	0.012790801	0.384651183	0.377921832	1.780619889	4.976142387	4.976123277	0.000384029
294	34.2	104.2	16.7	30.3	34.5	91.1	34.9	34.8	1368.661706	1368.74	0.005720149	6.958692687	7.267824818	4.253433988	0.758240742	0.770301801	1.565757621	121.4205076	121.412	0.007007228	0.482768055	0.482755477	0.002605393	4.972213283	4.972256775	0.000874694
295	19.2	91.8	3.1	16.7	34	133.1	27.2	33.9	1974.412751	1977.01	0.131372598	12.54595228	12.37804863	1.356463028	0.660888018	0.651015348	1.516503461	120.027603	120.034	0.005329326	0.075242026	0.075881676	0.842957176	5.022684963	5.022677863	0.000141367
296	24.8	122.2	20	15.2	15.3	132.1	15.2	15.4	1925.023259	1948.41	1.200298754	15.28989575	12.90149966	18.51254629	0.759762829	0.756727487	0.40111427	120.7164125	120.716	0.000341713	0.672828189	0.672408	0.062490233	5.028646123	5.028641701	8.79E-05
297	15.1	95.8	7.2	15.1	19.7	126.7	15.1	34.4	2504.582952	2514.28	0.385678926	11.90526807	11.59449986	2.68030715	0.722049217	0.719795021	0.313171947	120.3605626	120.363	0.002025035	0.36840803	0.362879136	1.523618479	5.055182254	5.055189091	0.000135252
298	15.4	90.3	14.1	15.7	22.5	132.5	34	16.6	2339.845703	2365.03	1.06486162	11.64928048	11.67638097	0.232096588	0.691886052	0.70071969	1.26065215	120.8112884	120.82	0.007210428	0.442201678	0.434947212	1.667895794	5.013973632	5.013986363	0.000253923
299	20.2	141	3.3	39.9	18.5	91.9	25.9	15.2	2149.174204	2170.12	0.965190671	19.20399485	18.49197113	3.850447936	0.696909148	0.694587503	0.334248078	119.9536511	119.961	0.006126033	0.147447378	0.137585844	7.167549732	5.024407225	5.024389347	0.000355816
300	24.5	90.5	8.6	29	15.4	128.8	34.7	33.7	1755.389369	1762.32	0.393267447	15.34648609	14.80400467	3.664423466	0.730707731	0.740221596	1.28527253	120.7807191	120.764	0.013844472	0.436075963	0.438783791	0.617121092	5.031760919	5.031754623	0.000125117
301	34.7	93.3	3	15.2	34.7	96.5	33.9	17.7	1646.338506	1633.27	0.800143643	10.95433782	11.48042518	4.582472788	0.643597353	0.639200921	0.687801275	120.1132565	120.106	0.006041785	0.073683827	0.07112484	3.597881212	4.968658978	4.968667028	0.000162001
302	26	95.1	19.8	38.6	27.2	94	34.7	15.2	1693.995806	1701.43	0.436937963	6.647015773	6.496773473	2.312567937	0.775530201	0.767347919	1.066306573	121.5441319	121.548	0.003182381	0.558273109	0.562035672	0.669452705	4.972429053	4.972435154	0.000122678
303	15	149.6	14.8	15.7	34.4	137.7	27.4	32.9	1983.127303	1987.8	0.235068784	9.284679168	9.257376993	0.294923448	0.7025027	0.700484825	0.288068382	120.8955531	120.893	0.00211183	0.397187111	0.406194288	2.217455389	5.024954248	5.024948083	0.000122687
304	17	122.1	3	20	23.9	93.8	34.9	32.5	2104.157497	2105.61	0.068982506	12.12338956	11.75213009	3.159082365	0.638818394	0.629918371	1.412885099	119.9181874	119.914	0.00349204	0.10178558	0.10085076	0.926934346	5.027472543	5.027470121	4.82E-05
305	33.9	91	20	31.2	15.6	90.1	15.6	31.2	1623.737225	1625.64	0.117047726	24.511305	28.87701305	15.11828123	0.801765252	0.810036118	1.021049005	121.3792264	121.388	0.007227737	0.760340092	0.7509048	1.256523101	5.013938749	5.013893426	0.000903964
306	16.9	132.5	13.3	30.4	35	114.1	15	15.7	2207.606868	2216.49	0.400774722	8.200373251	8.061067846	1.728125946	0.748650322	0.750320979	0.222659026	121.048111	121.069	0.017253806	0.520045083	0.522843216	0.535176372	5.003873375	5.003869752	7.24E-05
307	16.3	146.7	3.1	15.2	24.6	93.1	26.8	22	2172.290829	2169.64	0.122178277	14.84954205	14.95198786	0.685165181	0.671247384	0.663607332	1.151291021	119.9391613	119.945	0.004867795	0.101121054	0.102764628	1.599358189	5.025840232	5.025852171	0.000237559
308	21.1	139.9	12.7	28.3	15.1	135.1	30.2	15.3	1849.287577	1864.27	0.80366167	15.05566382	14.74775796	2.08781471	0.762088535	0.758739235	0.441429668	121.0988937	121.106	0.005867845	0.532767581	0.546355843	2.487071806	5.02886895	5.028876111	0.000142402
309	23.7	92	7.4	22.6	15	94.6	34.4	15.3	2005.248022	1999.35	0.294996952	16.88062172	16.90029282	0.116395004	0.722112249	0.729359253	0.993612432	120.6317929	120.664	0.026691537	0.395257323	0.390362136	1.254011666	5.012362319	5.012349105	0.000263631
310	34.9	148	15.3	32.3	27.3	111.3	15.2	16.2	1703.016006	1700.92	0.123227787	16.85280683	15.51204598	8.643352724	0.79595716	0.791182909	0.603432056	121.11894	121.126	0.005828658	0.600572544	0.600801624	0.038129012	5.0032139	5.003221426	0.000150416
311	18.7	139.6	3	17.2	26.7	138.3	15.2	16	2227.132563	2218.91	0.370567673	17.54176135	17.55001603	0.047035148	0.708494914	0.705113291	0.479585873	119.9617348	119.966	0.003555344	0.084297347	0.0864	2.433626046	5.035386136	5.03538102	0.000101607
312	29.6	134.2	19.6	15.8	21.3	93.6	15.4	34.4	1633.256999	1624.63	0.531013168	16.07620584	14.05127592	14.41100395	0.77626626	0.776633244	0.047253166	120.9619474	120.939	0.018974387	0.662344607	0.659676515	0.404454661	5.025969117	5.025972941	7.61E-05
313	16.4	92.4	10.7	31.6	34.6	138.9	34.7	16.9	2197.989639	2198.08	0.004110906	7.92614077	7.813533404	1.441183653	0.659224452	0.670171689	1.633497306	120.783452	120.785	0.001281578	0.349655406	0.356015212	1.786386047	4.996722594	4.996737902	0.000306373
314	15.7	99.4	19.6	38.7	34.5	139.9	34.9	15.9	2202.930816	2184.68	0.835399945	6.720260877	6.256183165	7.417904811	0.68378631	0.691285272	1.08478538	121.3464045	121.356	0.007906938	0.507607014	0.508565792	0.188525744	4.989474213	4.989435135	0.000783207
315	30.6	91.2	17.3	37.8	15	138.4	15.1	15.2	1837.287988	1854.27	0.915832747	22.87869944	23.93923034	4.430096082	0.791820762	0.794652447	0.356342659	121.2025864	121.183	0.016162698	0.718740813	0.71939628	0.09111352	5.014296159	5.014282742	0.000267585
316	34.9	142	5	15.5	25.8	132.2	34.2	33.4	1463.060185	1465.47	0.164439725	12.43181105	13.21871334	5.952941619	0.66896178	0.670538354	0.235120598	120.2837339	120.286	0.001883893	0.187239197	0.1866576	0.311585122	5.024252421	5.024250167	4.49E-05
317	29.8	94.2	19.4	38.9	15.6	129.3	32.3	34.7	1462.9707	1472.51	0.647825798	9.098373822	9.15045629	0.56917891	0.818740535	0.810334781	1.037318683	121.7360266	121.767	0.025436622	0.651040634	0.641792352	1.441008465	5.018173048	5.018176661	7.20E-05
318	34.6	91.6	17.2	38.9	34.2	137.9	18.6	34.6	1499.842034	1490.04	0.65783694	12.19910055	11.86009541	2.858367729	0.818424747	0.821689617	0.397336106	121.4237416	121.42	0.003081517	0.58385274	0.578902464	0.855113957	4.996504073	4.996506541	4.94E-05
319	34.4	148.8	19.7	38.6	34.8	91.3	16.1	15.8	1675.426232	1675.98	0.033041464	14.03577771	14.2052538	1.193052163	0.8233955	0.830831865	0.895050466	121.4413554	121.475	0.027696722	0.666375347	0.663251462	0.470995519	4.975188028	4.975189847	3.66E-05
320	30.2	147.7	17.6	15.1	34.4	93.2	15.2	34	1590.735403	1606.99	1.011493372	14.45092299	14.39798273	0.367692206	0.790277462	0.780173964	1.2950315	121.0311719	121.011	0.016669489	0.55154084	0.545387035	1.128337123	5.003239932	5.003257877	0.000358659
321	28.7	148.4	3	39.8	26.2	105.4	15.3	34.3	1820.754277	1810.37	0.573599693	18.27130618	17.60793647	3.767447172	0.723768495	0.723301268	0.064596404	120.0309387	120.018	0.0107806	0.096434984	0.09736812	0.958359042	5.034529721	5.034524707	9.96E-05
322	16.9	91.9	14.9	26.8	15.3	137.4	15.6	33.3	2244.749551	2249.48	0.210290798	13.61769427	17.61468617	22.69124675	0.748768998	0.746135755	0.352917412	120.9987648	120.999	0.000194423	0.659303155	0.663229992	0.59207766	5.051168596	5.051189765	0.000419107
323	24	139.2	12.5	36.7	15.3	139.4	34.9	34.6	1574.850291	1587.86	0.819323425	11.91294901	11.83704018	0.641282235	0.766623633	0.759722946	0.908316255	121.1909779	121.173	0.014836586	0.53503724	0.539874122	0.895927706	5.040621216	5.040620655	1.11E-05
324	15.4	142.7	18.5	16	16.4	99.8	34.6	33.9	1967.41795	1967.34	0.003962211	9.807691436	8.966850494	9.377216031	0.73459651	0.741323844	0.907475669	121.3699486	121.358	0.009845724	0.593136144	0.5991014	0.995700647	5.03661462	5.036612698	3.82E-05
325	33.4	147.6	7.9	39.9	26.8	90.7	27.1	15.7	1616.541154	1631.16	0.896223892	12.72977501	13.05303927	2.476544039	0.745110848	0.752814607	1.023327451	120.6949408	120.704	0.00750528	0.330865056	0.337727844	2.032046812	4.993707731	4.993687388	0.000407374
326	32.1	110.8	20	15.5	15.1	104.3	28.1	16.2	1624.794934	1645.84	1.278682363	9.364138976	10.79756756	13.27547691	0.793741793	0.775705468	2.325151325	121.2194088	121.236	0.013685006	0.594186357	0.5932128	0.164115904	5.005860483	5.005837453	0.000460053
327	34.6	97.8	3.1	19.2	31.3	90.5	17.5	34	1687.684469	1691.96	0.252696941	15.35068866	15.66622665	2.014128864	0.719572931	0.722237694	0.368959282	120.1128745	120.107	0.004891037	0.086707132	0.09207744	5.832381963	5.001013391	5.00105306	0.00079321
328	34.6	148.3	17.7	15.2	32.5	136.3	34.7	15.8	1499.842629	1502.54	0.179520751	9.06572953	8.724410135	3.912234632	0.733695953	0.733864666	0.022989656	120.9990631	120.995	0.003358114	0.404990264	0.406302338	0.322930495	4.988807037	4.988803632	6.83E-05
329	32.6	137.3	20	39.8	34.8	139.2	15.2	34.8	1555.708509	1549.39	0.407806243	14.68758286	15.03099553	2.284696727	0.819832662	0.820362534	0.064589993	121.4143329	121.414	0.000274173	0.677812003	0.6805944	0.40881863	5.011783705	5.011780009	7.37E-05
330	34.4	97.1	7	15	33.8	130.1	29.7	17.2	1583.65399	1591.02	0.46297409	12.64772458	12.35334112	2.383027029	0.707753703	0.715011695	1.01508708	120.5035606	120.5	0.002954854	0.232696924	0.23115624	0.666512112	4.984780808	4.984784965	8.34E-05
331	18	98.1	3	39.5	15.5	128.7	33.2	32.3	2292.423771	2304.63	0.529639441	19.82386195	21.06516692	5.892689913	0.656947242	0.658135367	0.180528896	119.8454594	119.846	0.000451083	0.122303974	0.1286622	4.941797813	5.044098242	5.044097955	5.68E-06
332	15.2	149.6	19.6	39.8	25.4	104.6	16.5	33.4	2078.521393	2084.4	0.282028718	15.79034134	14.84618544	6.359585792	0.751726628	0.753081063	0.179852401	121.2828594	121.266	0.013902852	0.683424372	0.692673164	1.335231696	5.029819648	5.029828334	0.000172693
333	17	141.2	19.8	15	21.9	133.4	28.6	17.1	1989.819924	1997.07	0.363035646	9.332674487	9.792486992	4.695564112	0.731275219	0.723961478	1.010238999	120.917013	120.909	0.006627323	0.501638123	0.497360952	0.85997315	5.02035002	5.02034132	0.000173293
334	22.4	146.3	10.6	39.8	22.9	133.5	15.3	15.5	1949.776435	1950.2	0.021719041	10.57953091	11.23079485	5.798912289	0.765595988	0.771513152	0.766955765	120.7405704	120.736	0.003785456	0.50094739	0.499855818	0.21837728	5.027583963	5.027580665	6.56E-05
335	15.4	146.7	19.8	39.9	15.6	137	26.2	15.1	2128.231151	2136.55	0.389358955	5.422203696	5.711598559	5.066792769	0.766492376	0.769938325	0.447561773	121.5145331	121.493	0.017723745	0.661272658	0.658726992	0.386452388	5.028477174	5.0284635	0.000271923
336	34.7	97.9	14.1	27.3	15.3	139.1	27.1	34.8	1456.849481	1468.43	0.788632675	11.22614934	11.64797923	3.621485632	0.78291141	0.785119354	0.281223923	121.3209451	121.297	0.019740897	0.583813665	0.576953388	1.189052151	5.025844889	5.025857779	0.000256484
337	34.9	147.9	14.6	26.4	15.2	139.6	15	18.3	1715.009213	1716.27	0.073460863	18.05833737	15.74766588	14.67310466	0.774194933	0.768835075	0.697140178	120.9331061	120.948	0.012314281	0.647060578	0.654479247	1.133522365	5.032785304	5.032794304	0.000178823
338	18.8	149.4	14.1	39.5	35	136.6	24.6	15.2	1890.577828	1889.65	0.049100525	6.864793053	7.125427931	3.657813686	0.753809989	0.748691156	0.683704209	121.1428705	121.139	0.003195092	0.459617292	0.463682448	0.876711308	5.003049345	5.00304256	0.00013561
339	34.7	92.9	5.6	15.4	17.1	90.5	34.9	34.4	1677.064942	1653.44	1.428835785	16.6046234	15.36702913	8.053568834	0.689160733	0.690083565	0.133727527	120.44724	120.434	0.010993592	0.293558492	0.302490677	2.952879435	5.014532829	5.014546986	0.000282309
340	32.7	149.6	9.9	39.8	27.2	91.8	34.5	34.6	1402.36328	1406.95	0.326004484	10.34148486	10.3116414	0.289415253	0.736179205	0.738562211	0.322654809	120.9383175	120.932	0.005224023	0.387765868	0.394919712	1.81146785	5.005195709	5.005212484	0.000335144
341	32	149.7	6.1	38.6	34.6	138.4	21.1	16.6	1657.044607	1647.81	0.560416986	12.69246176	12.98895365	2.282646455	0.747814016	0.745043031	0.371922909	120.469624	120.472	0.001972276	0.223838273	0.219031236	2.194680912	5.005518712	5.005520999	4.57E-05
342	15.4	92.9	10.7	28.5	24.6	140	15.8	15.4	2542.936497	2543.49	0.02176157	7.870574134	7.070840256	11.31030895	0.733625685	0.74260572	1.209260134	120.7007935	120.704	0.00265647	0.472356521	0.47216755	0.040022008	5.025952929	5.025941057	0.000236225
343	33.6	98.5	3.1	15.1	15.4	132.3	20.1	34.7	1919.291462	1915.94	0.174925213	22.9129817	22.78887449	0.544595627	0.700106512	0.694995844	0.735352321	119.9337674	119.931	0.002307516	0.137767292	0.140294964	1.80168409	5.042467786	5.042487386	0.000388709
344	15.6	93.6	19.9	27.3	20.9	93.8	34.6	32.7	2118.653518	2129.16	0.493456687	7.06261801	6.688494091	5.593544888	0.72986193	0.736410422	0.889244905	121.4825911	121.473	0.007895673	0.593000818	0.592338624	0.111793153	5.015380403	5.015376098	8.58E-05
345	30.8	130.2	3.1	15	15.2	135.2	15.5	16.3	2129.883226	2128.5	0.064985968	23.06334214	23.28663212	0.958876248	0.708535382	0.708164314	0.052398459	119.8702878	119.869	0.001074305	0.140761625	0.14080572	0.031316205	5.040782693	5.040776953	0.000113869
346	31.1	136	19.9	39.8	27.1	134	23.4	15.4	1588.466058	1598.81	0.646977546	7.334208117	8.190020476	10.44945323	0.81175263	0.806233291	0.684583294	121.4466006	121.46	0.011031942	0.597512809	0.59214042	0.907283003	4.998545152	4.998545805	1.31E-05
347	20.6	149.3	20	35.5	34.9	125.2	29.9	33.6	1592.744269	1585.85	0.434736518	6.841375268	6.44231115	6.194424773	0.754209464	0.757919061	0.489445084	121.4693462	121.45	0.015929349	0.526220302	0.527436	0.230491996	5.007183299	5.007190312	0.000140062
348	34.7	93.1	16.2	39.5	23.2	90.8	20.9	34.8	1484.468368	1479.12	0.361591192	11.73750705	10.84719143	8.207798469	0.812361621	0.812943726	0.071604608	121.3893193	121.41	0.017033777	0.60383296	0.60143472	0.398753136	4.999897186	4.999891209	0.000119536
349	34.9	93.5	11.7	15.4	34.8	136.4	25.5	15.9	1600.655055	1593.93	0.421916593	10.7960947	10.62451491	1.614942379	0.762000899	0.762587328	0.07689986	120.8563832	120.853	0.002799436	0.348374185	0.355272839	1.941790453	4.981037565	4.981038675	2.23E-05
350	34.9	95.1	3.5	38	34.9	100	15.8	16.5	1831.750492	1827.29	0.244104199	15.72710194	16.26990894	3.336263263	0.724485111	0.725760544	0.175737458	120.1895416	120.191	0.001213439	0.107464349	0.111286531	3.434541654	4.978495299	4.978532069	0.000738568
351	15.9	99.3	3.1	21.4	15.1	124.4	15	15.1	2859.980341	2844.08	0.559067991	21.89982438	22.6838561	3.45634233	0.70132333	0.697716285	0.516978755	119.8270536	119.84	0.010803047	0.148374225	0.145808748	1.759480688	5.046179949	5.046166386	0.000268781
352	34.8	134.2	10.4	15.2	34.6	139.5	33.7	33.3	1373.250148	1369.73	0.256995745	9.813338659	10.60486451	7.463799749	0.713239154	0.711931364	0.183696103	120.7677433	120.772	0.003524552	0.314831643	0.309043488	1.872925886	5.006799094	5.006795141	7.90E-05
353	16.6	148.9	15.8	16.1	26.2	134.7	15.3	35	2029.552129	2014.73	0.73568812	7.944433397	7.215450663	10.10307973	0.736126858	0.740191864	0.549182798	120.8044845	120.813	0.007048524	0.556512111	0.558823248	0.413572123	5.045138567	5.045137126	2.86E-05
354	15.1	148.9	15.6	39.6	17.3	139.8	15.1	18.1	2273.997277	2291.67	0.771172258	19.50881277	17.15292125	13.73463731	0.744243717	0.740213649	0.54444652	121.023829	120.999	0.020520002	0.673089642	0.673617249	0.078324485	5.041331195	5.041338246	0.000139857
355	23	149.6	9.7	25.2	24.6	94.3	15.1	34.5	1803.256889	1800.52	0.152005496	11.3237448	11.82308633	4.223444814	0.768423921	0.763021858	0.707982752	120.7072651	120.709	0.001437299	0.458185809	0.46706343	1.900731324	5.034902296	5.034897522	9.48E-05
356	27.7	90.4	7.5	15.7	34.9	136.4	15.4	16.5	1920.780035	1900.26	1.079854072	14.48118904	14.28359479	1.383365028	0.759274822	0.760717093	0.189593502	120.5617823	120.567	0.004327669	0.295766424	0.294335664	0.486098213	4.999957882	4.999937284	0.000411964
357	15.1	104.7	19.4	17.3	34.6	90.6	15.9	17.4	2445.035124	2428.82	0.667613253	8.133725798	6.845943621	18.81087909	0.730219962	0.722149688	1.117534797	120.9792463	120.994	0.012193751	0.569894197	0.573672744	0.658659	4.989452344	4.989392276	0.001203911
358	15	147.7	17.6	39.2	26.9	95	30.3	34.6	1960.739693	1963.22	0.126338725	7.447548482	7.63029558	2.395019913	0.730237432	0.72815154	0.286464011	121.408549	121.416	0.006136755	0.553331155	0.559198769	1.049289466	5.01636887	5.016382428	0.000270269
359	15	94.3	6.9	39.9	26.9	123.6	21.5	33.6	2349.265461	2358.27	0.381828148	12.82350983	12.90394359	0.623327029	0.712413164	0.718340684	0.825168387	120.4541415	120.464	0.0081838	0.295091164	0.296019108	0.313474408	5.033684338	5.033688399	8.07E-05
360	34.7	91.3	10.5	39.8	22.2	92.4	28.4	17.1	1618.091005	1610.09	0.496929036	13.00324908	12.75473535	1.948403668	0.760742202	0.760312455	0.05652231	120.9988956	120.996	0.002393168	0.443619617	0.456746031	2.873897744	4.984371259	4.984348833	0.000449945
361	33.2	144.8	3.1	15.3	33.1	96.4	22.4	16.5	1705.306456	1716.57	0.656165752	13.54572483	13.80860746	1.903759183	0.707030293	0.711799383	0.670004904	120.0908039	120.084	0.00566596	0.080174116	0.080355348	0.225538727	4.99514426	4.995156788	0.000250807
362	15.3	149.9	11.8	15.9	30.7	135.3	18.5	15.1	2252.317196	2239	0.594783185	7.613417342	8.613346153	11.60906334	0.729739492	0.730089134	0.047890309	120.7036888	120.732	0.023449598	0.406478178	0.408649104	0.53124464	5.021682978	5.021682582	7.89E-06
363	27.1	99.7	3	30.4	16.9	91.4	23.5	34.9	1996.306707	2006.44	0.505038402	20.76243815	20.45346105	1.510634808	0.708181456	0.705948178	0.316351618	119.9280746	119.922	0.005065467	0.137106411	0.13446036	1.967904456	5.035054395	5.035043987	0.000206725
