idx	input_thick	input_angle	power_input_thick	power_output_thick	mid_thick	mid_angle	mid_input_thick	output_thick	pred_pressure_drop	pressure_drop	err_pressure_drop	pred_temp_std	temp_std	err_temp_std	pred_max_temp	max_temp	err_max_temp	pred_lane1_01	lane1_01	err_lane1_01	pred_lane1_02	lane1_02	err_lane1_02	pred_lane1_03	lane1_03	err_lane1_03	pred_lane1_04	lane1_04	err_lane1_04	pred_lane1_05	lane1_05	err_lane1_05	pred_lane1_06	lane1_06	err_lane1_06	pred_lane1_07	lane1_07	err_lane1_07	pred_lane2_01	lane2_01	err_lane2_01	pred_lane2_02	lane2_02	err_lane2_02	pred_lane2_03	lane2_03	err_lane2_03	pred_lane2_04	lane2_04	err_lane2_04	pred_lane2_05	lane2_05	err_lane2_05	pred_lane2_06	lane2_06	err_lane2_06	pred_lane2_07	lane2_07	err_lane2_07	pred_power_module_flow	power_module_flow	err_power_module_flow	pred_weight	weight	err_weight	pred_vel_cv_pass1	vel_cv_pass1	err_vel_cv_pass1	pred_vel_cv_pass2	vel_cv_pass2	err_vel_cv_pass2
0	27.5	94.2	16.9	34	27.1	126.5	17	25.9		1698.34			0.793498524			121.194			0.524550736			0.509651621			0.489009307			0.455898836			0.445857434			0.426082528			0.391836481			0.272639118			0.266485159			0.260767553			0.250108371			0.257296598			0.261340306			0.252969823			0.613502448			5.007536428			9.448623773			2.749645748	
1	21	118.3	9.2	21.1	22.6	114	28.6	28.9		1773.07			0.733135471			120.695			0.539444754			0.535054745			0.542080084			0.531525522			0.54649989			0.542596556			0.51468722			0.281165205			0.272392801			0.262249429			0.248649339			0.244899291			0.231607428			0.21399773			0.381449664			5.027366323			1.835826678			8.636142145	
2	33	98.8	5.7	37.3	20.9	103.6	34.2	32.6		1589.66			0.687841858			120.399			0.48773137			0.480321988			0.472478902			0.444887395			0.429889851			0.4063937			0.382864441			0.323682744			0.307722775			0.291969727			0.272491129			0.26173064			0.242476509			0.220128845			0.268416937			5.010225636			8.259323412			12.30572594	
3	26.7	92.9	3.4	23.4	20	108.2	20.2	20.4		1980.97			0.721276856			120.02			0.538964701			0.523569871			0.512690858			0.481113249			0.462814922			0.434200403			0.400272186			0.450793712			0.431743852			0.404403959			0.367770887			0.351257035			0.327658914			0.296656045			0.131285832			5.021129264			9.722890842			13.79930588	
4	20.5	105.9	10.1	28.2	22.4	133.7	25.2	21		1883.99			0.749132067			120.765			0.530098372			0.542553517			0.545377557			0.52911201			0.537474878			0.529446392			0.500080341			0.286492809			0.28452194			0.276182577			0.257923647			0.251577667			0.237885208			0.217418362			0.413597424			5.023628339			2.611278831			9.157491559	
5	22.4	125.6	19.6	37	16.8	115.7	26.2	28.6		1646.36			0.808242363			121.571			0.519060376			0.527582459			0.524347889			0.502626282			0.506930212			0.500527288			0.474743432			0.184860449			0.194262883			0.192778689			0.181452067			0.180006277			0.17392085			0.161365953			0.658314203			5.027872701			3.298233782			5.771795551	
6	34.6	91.3	15.5	18	26.9	97.4	18.7	29.4		1549.84			0.792434776			121.037			0.497355622			0.479908148			0.458851995			0.42267249			0.399722607			0.370813435			0.342212159			0.286851029			0.283330413			0.275063224			0.263529021			0.269693243			0.268489798			0.258148445			0.527112204			4.994679591			12.53766953			3.511707833	
7	16.8	129	19.2	30.6	33.1	139.1	33.9	17.7		1956.67			0.6985159			121.254			0.53780595			0.544821357			0.565718597			0.57077406			0.59800801			0.603543527			0.585261753			0.222937987			0.222393706			0.21864432			0.209917603			0.206321504			0.196234083			0.181664273			0.488060928			4.998384761			4.068991274			6.744211473	
8	18.3	124.2	17.8	27.7	31.1	112.1	16.4	26.9		1951.79			0.748166679			121.138			0.608075897			0.601812022			0.600123557			0.577398803			0.587741479			0.570492649			0.526042976			0.330755096			0.321439403			0.31341191			0.297821417			0.308757705			0.310058817			0.297079486			0.6068376			5.013819004			4.463232131			3.596586171	
9	24.4	149.8	9.4	36	34.6	98.2	24.7	15		1738.66			0.765843766			120.827			0.505683746			0.507397023			0.500911331			0.478458055			0.480040577			0.471892905			0.446605656			0.303346671			0.29794292			0.289788627			0.276592444			0.274169993			0.261699519			0.243012514			0.347041608			4.988932141			4.197050309			7.043719613	
10	15.4	143.2	6.3	30.1	30.8	138.2	18.3	33.7		2128.52			0.719969607			120.394			0.569950204			0.597279652			0.601778915			0.584914128			0.597849095			0.592561882			0.564553224			0.411833206			0.406800918			0.391700742			0.36172883			0.355700016			0.339881415			0.314235616			0.245672028			5.042018718			2.296173678			9.082397409	
11	27.3	105.1	10.9	34.1	33.9	128	21	21.5		1671.48			0.784110797			120.951			0.516155613			0.512942473			0.500504113			0.472114723			0.462579861			0.439666396			0.40597655			0.306788491			0.304412722			0.295649587			0.27896391			0.273428393			0.262201424			0.24431197			0.408152244			4.998488061			7.964026017			7.599938495	
12	20.1	113.5	16.2	19.7	20.3	99.6	15.1	18.6		2058.48			0.747555837			120.827			0.595021744			0.580308922			0.572780354			0.546622387			0.550042356			0.528535945			0.481732353			0.316667006			0.304192559			0.296384566			0.280865585			0.292311392			0.300288563			0.294592476			0.618365016			5.021922032			6.362156457			3.433030997	
13	24.9	116.8	17.2	37.8	17.1	91.4	24.4	16.8		1738.27			0.805741923			121.488			0.521093456			0.508184974			0.503566525			0.484937126			0.48726787			0.477560851			0.448558979			0.199161418			0.2116991			0.211182959			0.199819588			0.199869249			0.194246991			0.178909106			0.635004048			5.009866198			4.487297567			5.148790077	
14	30.5	128	16.5	23	16.6	110.5	19.8	23.7		1599.35			0.796635041			121.155			0.506527256			0.492101516			0.473064899			0.440547046			0.427668361			0.406572478			0.375743091			0.220966456			0.225297866			0.222023567			0.215133305			0.220717821			0.222212278			0.215192236			0.629213342			5.025265569			9.801134584			1.582021347	
15	28.2	123.4	6.1	29.6	28.4	134.6	29.1	34		1550.01			0.707104273			120.416			0.511151375			0.503377814			0.500706066			0.479401609			0.474157435			0.450621555			0.417716348			0.342549852			0.331790025			0.319798612			0.302516012			0.29319105			0.274288186			0.250564257			0.229962192			5.023441658			6.464200046			9.961893996	
16	25.5	132.7	7.3	27	21.1	107.7	23.2	29		1698.49			0.754728294			120.547			0.515617787			0.512346544			0.504059822			0.48125561			0.479623427			0.463533347			0.431800134			0.326240272			0.320141271			0.307425142			0.28458981			0.276330897			0.260831118			0.237924274			0.339977352			5.031668183			5.725385375			10.40095529	
17	23.9	114.6	14.2	19.7	30.7	115	24.2	25.7		1661.42			0.764984489			121.011			0.527036191			0.51510106			0.512531944			0.495528107			0.500067098			0.490605072			0.460715928			0.282903331			0.284360708			0.277797213			0.26064009			0.256369597			0.244263633			0.224157324			0.444234504			5.006110249			3.974697313			7.870264132	
18	32	129.7	4.3	17.3	17.4	100.8	33.3	29.8		1713.25			0.681471125			120.212			0.489148357			0.482169368			0.4763094			0.450267308			0.436246426			0.41235961			0.387416676			0.353418933			0.331968804			0.31037797			0.284958623			0.270649378			0.248415933			0.223595495			0.2061162			5.028153732			7.894985324			14.75373052	
19	28.6	136.5	3.8	16.7	34.2	117.2	27.6	16.6		1687.89			0.695691958			120.151			0.494954053			0.487734681			0.482563343			0.461768736			0.454971836			0.4350645			0.40635066			0.402285101			0.387926526			0.371296799			0.351690739			0.345059375			0.32450943			0.298545802			0.109808904			4.999354142			6.372065521			9.423200054	
20	22.6	110.3	7.7	15.7	24.1	96.2	29.5	33.4		1731.37			0.729030684			120.56			0.51257421			0.517286132			0.518514408			0.503980365			0.512783558			0.507446684			0.481497292			0.302780207			0.29183167			0.280126964			0.265417122			0.261402879			0.246712901			0.223459425			0.331623672			5.021872701			2.305225017			9.386178188	
21	19.6	127	4.9	17	17.5	121.9	31.9	22.9		1999.34			0.691618276			120.17			0.523026321			0.537613928			0.54552654			0.535200416			0.549628517			0.549214677			0.526390601			0.344383989			0.323166934			0.301969082			0.277989566			0.264366632			0.244160008			0.221352715			0.240870084			5.036701611			1.837835321			14.29884619	
22	23.2	97.6	9.6	32.2	28.1	95.4	21	22.7		1827.22			0.757152998			120.805			0.546602522			0.537259682			0.532498872			0.512217426			0.520596848			0.506797784			0.468327264			0.306432258			0.303071551			0.29376877			0.276472265			0.270491788			0.259186355			0.241579636			0.408860648			5.001951422			4.635317801			7.931909517	
23	15.9	106.6	5.5	22.4	33.5	109.7	25.9	19.2		2233.83			0.672622366			120.294			0.568446626			0.572628061			0.598706571			0.607172072			0.636723523			0.634359671			0.605758396			0.36662869			0.356080749			0.342993488			0.324222722			0.315397015			0.296871573			0.27214197			0.200130681			5.005576583			4.097689512			9.522550815	
24	21.9	126.4	9.1	34.6	23.9	101.5	16.2	25		1893.64			0.75729931			120.675			0.568476423			0.548029441			0.537696696			0.513177534			0.51071105			0.49202868			0.452336506			0.339229204			0.344926946			0.337428175			0.314414395			0.318248535			0.315606252			0.300555075			0.433506528			5.025229911			6.889720667			4.653165344	
25	30.6	109.6	13.7	31.5	18.3	94	21.3	19.7		1648.99			0.795794201			121.151			0.501353638			0.486910313			0.472247152			0.444420584			0.433137664			0.410515541			0.379043875			0.238578803			0.249231032			0.247121774			0.232476491			0.233452821			0.228149716			0.213646132			0.580962401			5.009669047			9.005177307			4.759363461	
26	19.8	141.4	19.9	22	25.7	118.4	23.6	33.9		1695.16			0.769058831			121.2			0.537511296			0.527198416			0.531422889			0.521755599			0.533925791			0.531621532			0.506658734			0.240888027			0.239761722			0.233127378			0.223378975			0.226271547			0.220689349			0.208613181			0.564879012			5.026825116			1.814578414			4.647749242	
27	20.4	101.2	12.6	22.8	27.9	102.3	21.8	18.1		1949.41			0.762098889			120.921			0.538642156			0.551297118			0.551071989			0.530886553			0.535882424			0.523715543			0.491217554			0.27836467			0.277329409			0.270110393			0.257330698			0.256022965			0.248021958			0.232981706			0.462721781			5.002932841			3.573478848			5.879708906	
28	34	112.1	18.5	39.2	15.1	122.7	28.3	16.1		1575.82			0.810508462			121.673			0.487383745			0.477339033			0.466407049			0.43677614			0.419199549			0.394193711			0.369936095			0.17645719			0.185034924			0.183862599			0.172760776			0.170275421			0.162527683			0.148929249			0.656937832			5.004950987			9.36668487			6.809252884	
29	25.1	102.3	3.5	19.3	20.2	125.6	15.9	32.4		2006.44			0.730594626			120.016			0.578809168			0.563857974			0.549396767			0.509899925			0.488681546			0.450942694			0.406102357			0.498027697			0.470452744			0.434720186			0.39358454			0.377206427			0.359007422			0.333437604			0.153203186			5.044230831			11.51802629			13.63421674	
30	30.8	149	18.1	24.7	32.3	134.2	19.7	23.5		1527.24			0.801557349			121.214			0.505966794			0.487244695			0.470518958			0.440255703			0.425258159			0.40191099			0.371339839			0.283413181			0.276424591			0.26769357			0.256557315			0.261534314			0.259014528			0.247787228			0.538230288			5.007813919			10.02705055			4.263958973	
31	29.2	91.7	14.5	27.5	31.6	94.9	27	31.8		1525.39			0.779527047			121.232			0.507284459			0.498242894			0.493528434			0.471657844			0.465708488			0.441762079			0.407939804			0.248132867			0.248007722			0.242918158			0.231304829			0.226053371			0.214984323			0.198915432			0.480026169			4.98674071			6.930300993			7.400696989	
32	24.5	96	15.5	36.7	23	117.5	30.2	30.5		1624.99			0.780558314			121.31			0.500429277			0.504625954			0.503785032			0.487204967			0.493859506			0.487327463			0.461662793			0.215741484			0.218217237			0.215207134			0.203221349			0.199116392			0.188471778			0.17234495			0.541147615			5.011622921			2.810285102			7.719633818	
33	25.9	140.5	8.7	29.2	29.1	124.3	21.7	34.8		1594.5			0.762891837			120.7			0.524086343			0.508929885			0.501808535			0.482235582			0.480798731			0.462546754			0.427234657			0.323998255			0.317144411			0.306308438			0.290240871			0.287962105			0.27650173			0.258097791			0.357244104			5.028696362			6.170130358			7.300778141	
34	33.5	130.4	9.9	29	31.8	130.9	22.4	26.1		1499.73			0.777078095			120.853			0.492554293			0.480755692			0.464503387			0.430796987			0.410863166			0.384814453			0.358881614			0.323732074			0.323991634			0.316412081			0.296361391			0.291545624			0.277869718			0.253702154			0.371722824			5.008188167			10.76170431			8.118480128	
35	28.9	124.6	14.7	32.8	23.7	127.3	20.3	27.4		1570.98			0.793763292			121.145			0.516633921			0.498713015			0.484208769			0.457799187			0.448790729			0.427714711			0.393624268			0.266814244			0.274125298			0.270108076			0.253681627			0.255166483			0.249675661			0.234175551			0.555484713			5.020797238			8.543863877			4.968071103	
36	28.3	121.5	15.2	33.4	32.6	91.2	30.4	25.2		1506.92			0.780794231			121.318			0.491771776			0.494137606			0.488860325			0.466426913			0.461149632			0.443179065			0.416524491			0.236903912			0.241329677			0.238997277			0.226907867			0.223589205			0.211415702			0.193946378			0.477337152			4.981844085			5.718379969			7.052390766	
37	23.4	143.5	4.6	29.9	18.7	108.8	31.3	31.7		1792.73			0.707918821			120.178			0.504242028			0.513197398			0.514227031			0.49901098			0.507267906			0.499395023			0.471922702			0.352928947			0.335262966			0.316800097			0.293135761			0.280408706			0.259004596			0.233975914			0.225528533			5.03841388			2.638571588			13.20041339	
38	32.7	144.4	8.3	18.9	32.2	106.6	34.8	15.9		1562.43			0.702332766			120.65			0.474008453			0.464741759			0.460649714			0.438567238			0.426304346			0.405085967			0.383155784			0.303668804			0.293209921			0.283379081			0.270501058			0.265781963			0.250606965			0.230957866			0.281905848			4.987087803			7.108942152			8.54754202	
39	23.6	137.3	11.8	23.8	15.9	132.5	16.5	33		1771.98			0.778643545			120.82			0.543846088			0.530913039			0.514289934			0.483116232			0.475491653			0.458189852			0.423612734			0.238796979			0.252073943			0.252532809			0.25100094			0.263681645			0.276023332			0.265446256			0.574304112			5.053076264			8.032364185			4.384591154	
40	18.8	119.8	12.8	28.7	24.4	100.5	25.7	27.8		1849.48			0.749336239			121.025			0.544132728			0.540404862			0.551177932			0.546178751			0.562308559			0.558332389			0.531075264			0.244844002			0.243727297			0.238725799			0.228553293			0.227629603			0.218720135			0.204236415			0.490089984			5.019242199			1.803886956			5.896558806	
41	15	117.5	12.2	35.1	28.7	125.2	32.9	26.3		2105			0.687334246			120.954			0.56869493			0.583765309			0.616521534			0.627589257			0.669228132			0.676011789			0.65372736			0.248056721			0.243624334			0.238088817			0.227710384			0.223198872			0.211595143			0.195494632			0.422702184			5.015532548			6.100628962			7.613062695	
42	29.8	133.4	4.1	18.2	27.5	116.6	23.8	24.5		1645.47			0.714616943			120.169			0.506426984			0.492369684			0.484109447			0.458232891			0.44273874			0.416027883			0.385973203			0.408406615			0.392088096			0.371273624			0.345946647			0.33444522			0.313087791			0.286797726			0.142583076			5.018774382			8.840732014			11.44456295	
43	16.7	146.8	12.6	37.9	20.5	135.5	22.7	18.9		2016.83			0.75012217			120.926			0.545625616			0.557633828			0.565907307			0.558776025			0.577117392			0.578829032			0.558143678			0.247065492			0.247964021			0.242708921			0.231965979			0.232959856			0.226836355			0.214491357			0.516866325			5.032459051			1.933896334			4.756538623	
44	31.1	111.7	18.2	20.8	34.9	120.2	15.3	15.5		1786.8			0.78164051			121.1			0.531201071			0.506380634			0.478411705			0.439053913			0.420679439			0.393273332			0.35543847			0.371303421			0.354140669			0.343125917			0.323203021			0.333402344			0.335637077			0.321951902			0.579081048			4.986060386			13.01572322			4.787459946	
45	34.4	118.6	13.1	39	32.9	120.9	30.7	19.8		1478.63			0.770875981			121.162			0.475371275			0.471108265			0.460179592			0.430240787			0.414402322			0.392756861			0.371594764			0.252099105			0.248307342			0.242538419			0.232600643			0.230333796			0.218876732			0.202563179			0.431087988			4.982893241			8.639119284			6.938468226	
46	25.4	139.8	6.6	35.6	24.6	96.7	34.7	21.8		1664.4			0.707430759			120.48			0.497138604			0.506268069			0.509168257			0.492240566			0.490886483			0.473478738			0.446181885			0.307451297			0.294099841			0.281300613			0.265940215			0.259970994			0.243938521			0.224201688			0.289298917			5.007142398			4.136440349			9.948030859	
47	34.9	108.2	7.1	38.4	24.9	93	18.8	23.2		1656.79			0.751472156			120.563			0.506867309			0.488221356			0.465423766			0.42549322			0.397941442			0.366920033			0.339000765			0.35331299			0.343202063			0.328015809			0.307833684			0.30438127			0.294707027			0.27715957			0.330585372			5.000910593			13.65259541			7.980916483	
48	17.5	95	8	33	23.3	123.7	32.6	27.2		2060.91			0.698956974			120.563			0.536611509			0.564695585			0.578643632			0.5723003			0.594405951			0.596101037			0.572131453			0.288956644			0.278324942			0.267299926			0.253537942			0.249195607			0.234778101			0.216582406			0.33871968			5.022768641			3.239023866			9.078681004	
49	31.9	104.3	11.4	16.5	26.3	129.6	33	21.6		1526.02			0.725785524			120.819			0.491694297			0.483503586			0.477064243			0.450727498			0.43543199			0.411826585			0.387280936			0.275483354			0.267282711			0.258068326			0.244446716			0.237084677			0.222437076			0.204053001			0.370712952			4.9995106			8.077179375			9.594013447	
50	26.4	135.9	18.7	15.1	28.9	103.1	25.3	29.6		1533.66			0.774745324			121.046			0.506344262			0.505953551			0.498468022			0.475541314			0.472604709			0.456206733			0.426446707			0.279272469			0.279284718			0.27136383			0.253265139			0.248737735			0.236129866			0.216017598			0.480903798			5.006674482			5.692364936			8.601936863	
51	27.8	107.3	18.8	30.9	31.5	104.8	19.4	24.5		1615.7			0.800545365			121.36			0.519471205			0.499236109			0.484698755			0.458434845			0.452061716			0.434597689			0.401374654			0.293026176			0.288840438			0.281496939			0.265444601			0.270054442			0.265820698			0.249960382			0.591401376			4.991845274			8.020725254			5.115451624	
52	32.8	148.1	15.9	26.1	26	92	29.8	34.6		1380.83			0.785261896			121.319			0.480818595			0.470489161			0.463477065			0.438904931			0.42401002			0.400669472			0.376776034			0.221032339			0.219341556			0.214481094			0.204925375			0.201976851			0.192452583			0.178395614			0.519832692			5.007685671			8.151299257			6.974405429	
53	22.1	147.5	11.1	17.8	18.8	105.3	34.4	21.2		1723.79			0.731897213			120.88			0.518229686			0.514700463			0.520136659			0.509264267			0.52643364			0.528797492			0.50700967			0.24450664			0.239579301			0.231300194			0.21638906			0.209557729			0.19544216			0.177904304			0.449499384			5.023020671			1.459945004			10.35927866	
54	32.4	138.3	19.7	39.4	21.8	128.4	26.7	32.2		1410.75			0.817530636			121.527			0.484883193			0.47935857			0.467714781			0.438335488			0.423424023			0.401126351			0.376193348			0.193937108			0.198575752			0.195966246			0.188809802			0.189718594			0.183886768			0.172253574			0.613780288			5.018797332			8.692456491			4.343003371	
55	30.2	100.5	10.7	23.7	22.2	125	27.1	30.2		1551.71			0.752335709			120.889			0.506473334			0.496991443			0.490164747			0.464407376			0.453458838			0.427800789			0.396517834			0.270032591			0.266023976			0.257483984			0.241506138			0.234262291			0.220449984			0.201736162			0.436924664			5.017617446			7.982550552			9.575266741	
56	21.2	103.2	19	28.1	26.6	113.3	31	34.5		1681.16			0.754089685			121.376			0.537848989			0.538901797			0.546585969			0.53600161			0.556206909			0.552452557			0.521785395			0.210336078			0.211854041			0.208125182			0.198513842			0.193783491			0.18398642			0.170308859			0.54308688			5.011192368			1.975865497			7.230740517	
57	22.8	145.6	16.8	26.8	25.1	131.3	27.8	15.4		1724.28			0.76808002			121.159			0.513482119			0.501887992			0.503854557			0.492664337			0.502553446			0.50003068			0.476958301			0.232937343			0.231907379			0.226222549			0.215541517			0.212488374			0.202980991			0.188721075			0.51543072			5.010751809			2.117669651			6.939782642	
58	17.3	112.6	8.6	21.4	19.4	93.1	28	16.3		2160.9			0.713426568			120.641			0.578507892			0.590125195			0.608416901			0.603232319			0.632396417			0.628837397			0.594597972			0.278570928			0.270265666			0.25907677			0.242343418			0.233086656			0.218707554			0.200967745			0.405893288			5.019216903			3.037173039			10.67575036	
59	21.4	93.4	13.4	39.8	29.7	135.9	29	17.3		1861.55			0.752327829			121.084			0.515052261			0.529817192			0.534144298			0.520113484			0.53082365			0.524741865			0.497524468			0.249226728			0.248027586			0.24288174			0.2315091			0.225828573			0.214000378			0.197708676			0.44515068			4.998364153			2.226225715			7.674716398	
60	33.6	96.9	10.6	24.7	29.9	129.3	31.7	31.3		1440.62			0.741571272			120.882			0.475077814			0.467641946			0.460166349			0.434448707			0.420563564			0.398924724			0.376875356			0.277000324			0.269625042			0.261213837			0.249117805			0.245417418			0.232021268			0.214100693			0.375117792			4.998946715			7.885553813			8.111091987	
61	19.4	134.7	5	21.7	30.4	130.5	17.5	19.4		2019.21			0.728127838			120.239			0.560769856			0.569191538			0.561613309			0.53433632			0.534376048			0.519924773			0.484559704			0.441901129			0.424854252			0.401695794			0.375027976			0.372856147			0.359517272			0.327485764			0.186876			5.02552464			5.095842117			9.437757171	
62	21.5	115.3	5.8	31.7	21.7	139.8	32.2	22.3		1836.29			0.695795433			120.28			0.513607234			0.526334319			0.530194614			0.515514899			0.525788051			0.522586588			0.498580587			0.335537756			0.3212007			0.306592828			0.287378426			0.277078126			0.257535632			0.234369558			0.246940104			5.026028248			1.921768784			11.44251581	
63	33.8	104	6.9	25.8	16.1	105.7	17.5	23.8		1795.64			0.740406127			120.422			0.514981874			0.494471988			0.470879826			0.429419729			0.400550286			0.368092026			0.338371729			0.335498027			0.323835368			0.307647291			0.288073014			0.294313713			0.291928674			0.272087222			0.391261464			5.024972141			14.17923424			6.718399534	
64	31.3	101.4	3.1	26.5	15.3	122.2	15.6	18.3		2144.99			0.71097701			119.873			0.537116267			0.522583278			0.492349819			0.441315132			0.408224526			0.37425989			0.341781766			0.505556265			0.471601562			0.429909715			0.387052497			0.378226128			0.36399336			0.344443582			0.143683884			5.030561858			15.59510845			13.38994583	
65	18.7	134.1	12.1	33.6	15.6	112.8	17.9	31.1		1938.12			0.764459101			120.948			0.563196001			0.562328423			0.559739443			0.540808769			0.545268304			0.533498708			0.500497491			0.219958012			0.233766677			0.234310628			0.228038145			0.233744826			0.237319406			0.231297807			0.582494484			5.049285708			3.786321442			2.292023194	
66	19.2	120.7	13.4	38.1	19	137	22.8	28.3		1850.88			0.76147846			121.04			0.57253205			0.57142296			0.576958477			0.561917895			0.5796534			0.571667953			0.536283021			0.229511414			0.232275531			0.228137798			0.218380787			0.218343376			0.212956841			0.201252135			0.535928712			5.037671706			2.402884759			4.587257516	
67	18	131.2	6.6	36.4	25.4	97.5	17.2	17.2		2162.02			0.731329622			120.443			0.593094907			0.583593152			0.586254968			0.569966245			0.581285583			0.568343994			0.528625334			0.39539219			0.390359902			0.374975005			0.344625671			0.340374712			0.328649811			0.306279303			0.316146299			5.018820076			3.465460887			8.709056635	
68	15.6	135.2	10.4	25.3	34.5	132.1	19.2	25.5		2100.31			0.731266519			120.827			0.573730662			0.596084484			0.604096416			0.593041936			0.607347539			0.600375172			0.569913274			0.338686247			0.339798647			0.330889511			0.308233288			0.305798587			0.295375129			0.27466031			0.38150736			5.022215771			2.293956983			7.189136447	
69	24.1	121.6	17.2	15.3	19.6	90.1	32.3	24.2		1646.42			0.755288455			121.144			0.519620187			0.514468713			0.515826106			0.501292063			0.512972269			0.507996263			0.480259084			0.223601124			0.222934677			0.217086297			0.202979998			0.19739482			0.185232243			0.168521073			0.52349232			5.010812416			2.442558325			9.432189341	
70	16	131.5	14	15.9	25.9	99	31.2	30.8		1970.29			0.703364797			120.937			0.563848042			0.571803693			0.59583618			0.59963026			0.634243796			0.64068645			0.619716374			0.251133038			0.250123932			0.245170107			0.232707579			0.227515383			0.214477452			0.196626734			0.4469892			5.019709972			4.532807435			8.080745213	
71	17.2	115.7	17.6	35.7	33.4	111	25	28.1		1911.16			0.746730618			121.364			0.582709191			0.589482916			0.605814678			0.599328985			0.626844346			0.622113333			0.58820829			0.236210317			0.239497195			0.235427332			0.22430432			0.220868128			0.212118567			0.198154298			0.536060893			5.002996154			2.635497664			6.179099423	
72	26.9	138.8	4	31.9	29.4	138	27.5	22.2		1659.89			0.696266741			120.131			0.507930049			0.497266232			0.495653914			0.480169695			0.47903743			0.459918045			0.427459786			0.397570642			0.381699069			0.363751678			0.343360978			0.336279356			0.315940304			0.285228778			0.12581616			5.018465035			5.281628099			10.32476317	
73	16.3	109.5	11.7	34.7	17.8	107	33.6	33.2		2040.35			0.713403209			121.046			0.577269685			0.593915965			0.619779278			0.622487444			0.660825535			0.662464339			0.632614924			0.217697786			0.210800571			0.203529577			0.193419974			0.190631689			0.180174131			0.166524711			0.510783736			5.033759365			4.697577061			8.438279687	
74	29.3	144.9	15.1	20.4	22.9	118.8	23.3	20		1590.57			0.788322665			121.033			0.498085894			0.494061459			0.481497292			0.452800006			0.441871332			0.421570022			0.393452111			0.269753498			0.272470271			0.26581507			0.247520716			0.244345739			0.233894471			0.215216404			0.50582886			5.016273877			7.957477289			7.790809226	
75	18.1	96.2	7.5	18.7	16.4	136.6	22	30.5		2148.64			0.726752759			120.453			0.580633372			0.580467836			0.594210618			0.58806924			0.612869814			0.601467708			0.560037408			0.316737193			0.304849074			0.288508042			0.265717073			0.255378038			0.241635256			0.223803408			0.394547668			5.049131893			2.673179854			11.59251686	
76	31.6	142.1	14.3	31.2	30.1	111.4	20.6	26.6		1505.88			0.804840648			121.181			0.500540531			0.485506569			0.46946284			0.438093805			0.420967472			0.39501808			0.365446764			0.262136534			0.264509324			0.259774669			0.250148431			0.256016675			0.25260432			0.241017476			0.503913696			5.006490449			10.37767404			2.924289069	
77	29.7	90.5	16.1	24.3	18.1	119.5	18.2	27.7		1650.97			0.790092858			121.11			0.512578294			0.491469169			0.474217028			0.446016349			0.436014676			0.413528293			0.378401596			0.261757126			0.264073965			0.259512791			0.24540252			0.251005244			0.251980581			0.24182496			0.618823464			5.019830282			9.529042026			3.076935469	
78	27.2	123	5.1	20.1	21.3	103.9	26.4	20.6		1773.71			0.715432147			120.278			0.523881078			0.516829253			0.514154195			0.489820432			0.48190451			0.455617425			0.421086657			0.362155913			0.350237335			0.334359141			0.309582736			0.298620955			0.278106434			0.251812728			0.228464496			5.019477445			7.102154356			11.76149052	
79	26.1	99.2	8.2	25.4	27.4	115.5	29.4	17.8		1737.2			0.723403717			120.645			0.510019111			0.502258792			0.499928048			0.483298322			0.490896415			0.48236801			0.453184049			0.30467162			0.300955341			0.292979495			0.276407044			0.270011403			0.253293942			0.23142269			0.316161168			4.999016639			3.542886882			8.960279865	
80	15.8	100.1	19.7	22.7	21.8	112.5	17.3	20.3	2237.499575	2305.82	2.96295569	0.736012037	0.739483989	0.469510077	121.0029311	120.993	0.008207963	0.61034953	0.602652944	1.277117437	0.627454043	0.602057015	4.218375886	0.643406655	0.613247235	4.91798709	0.622771508	0.606271557	2.721544611	0.646578025	0.619458139	4.378001538	0.635990339	0.605351178	5.061386227	0.583706878	0.567416994	2.870884113	0.29731345	0.308688842	3.685067518	0.283656172	0.2967163	4.401553812	0.274653174	0.287942241	4.615184718	0.260999927	0.271449578	3.849573315	0.270170265	0.278412676	2.960501039	0.272459589	0.279074157	2.370182724	0.263921431	0.267645234	1.391320362	0.644264793	0.642191093	0.322910231	5.021349667	5.02144361	0.001870839	3.233500141	2.553719478	26.61923789	4.174991153	4.732088514	11.77275866
81	34.5	135	3.5	31.8	32.3	97.3	19.3	27.1	1602.282402	1629.53	1.67211391	0.722344721	0.72169956	0.089394718	120.1784147	120.155	0.019487118	0.504404805	0.502597236	0.359645681	0.485029474	0.487714817	0.55059684	0.46367314	0.465056277	0.297412757	0.427848051	0.423695502	0.980078804	0.401972024	0.39682242	1.297710091	0.369763203	0.367320629	0.664970438	0.340789121	0.341215634	0.12499807	0.456763009	0.473962103	3.628790855	0.440611634	0.458792402	3.962743965	0.418697372	0.435690226	3.900214561	0.388299979	0.401387897	3.260665852	0.383540965	0.388880012	1.372929159	0.362704036	0.365652029	0.806228926	0.330062775	0.332577976	0.756273921	0.113471364	0.114474031	0.875890783	5.003204021	5.003308245	0.002083111	13.12029541	13.35345362	1.746051738	10.36087773	11.56248717	10.39230941
82	18.7	146.3	4.8	33	32.3	111.8	32.8	34.2	1839.941078	1785.33	3.058878644	0.67963769	0.649060434	4.711002806	120.2088749	120.22	0.009253914	0.525622337	0.51685977	1.695347142	0.522654141	0.526304523	0.69358731	0.546541145	0.536776317	1.81916152	0.537027001	0.532452522	0.859133748	0.558127494	0.553584822	0.820591804	0.576379774	0.560216187	2.885241091	0.555041973	0.54312296	2.194533141	0.354295032	0.355186855	0.251085616	0.340299829	0.342159188	0.543419169	0.329020556	0.329828095	0.244836413	0.312822743	0.314648793	0.58034548	0.306975236	0.309297021	0.750664987	0.289108667	0.291676397	0.880335394	0.265571571	0.269058248	1.295881746	0.182452112	0.169380864	7.717074736	5.019369708	5.019606644	0.004720222	3.242100476	2.60475299	24.46863441	8.972383478	8.669580952	3.492700828
